2000 1
51.969905
51.981100
51.949688
51.959609
51.983022
51.953193
51.916051
51.841956
51.978463
51.907118
51.885310
51.807825
51.979663
51.761779
51.774783
51.903478
51.881356
51.782894
51.844478
51.751597
51.910485
51.972605
51.724951
51.807558
51.984537
51.623560
51.914200
51.979167
51.943865
51.978977
51.595694
51.652998
51.834559
51.499040
51.382027
51.947628
51.571141
51.983370
51.354890
51.578517
51.982144
51.689963
51.852201
51.820131
51.973128
51.431949
51.955458
51.980923
51.983414
51.872182
51.339599
51.974884
51.493467
51.976907
51.719110
51.941509
51.295552
51.782122
51.544841
51.976748
51.674756
51.618796
51.651730
51.352932
51.254523
51.958173
51.897080
51.500266
51.587378
51.530825
51.031445
51.704266
51.981577
50.906579
51.926697
51.259115
51.530596
51.873197
51.973920
51.208845
51.983592
51.448887
51.979146
51.832161
51.167163
51.456538
51.903144
50.758046
51.639359
51.975494
51.839497
51.966354
51.869435
51.939269
51.399315
51.675252
51.666056
51.227652
51.692897
51.092542
51.958589
50.963980
51.287810
51.469398
50.999942
50.893111
51.419544
51.822249
50.710173
51.109890
51.138798
51.060836
50.859958
51.295028
51.948254
51.900779
51.559359
50.783388
51.889931
51.936593
51.857627
51.631880
50.744861
51.977737
51.764088
50.684187
51.969008
51.365417
50.955722
51.776304
51.036138
51.524574
51.931621
51.983080
51.725023
51.188466
51.806383
51.963888
51.068158
50.132493
51.870625
51.589794
51.524827
51.685854
51.081164
51.778104
51.385769
51.000693
51.848392
50.441029
51.307006
51.734111
50.579823
50.486476
50.052701
51.896606
51.839567
51.904552
51.195946
51.756301
51.757598
51.926586
51.957074
50.808857
51.784110
50.773467
51.714477
50.300052
51.901962
50.515501
50.375887
51.139271
51.413623
51.610575
51.445204
51.608786
50.170999
49.927472
51.551282
50.105098
50.443249
51.969474
51.977718
50.800494
51.646223
50.946757
51.951824
49.769231
51.393517
51.439866
50.830836
51.590092
51.706485
50.492944
51.770549
51.596148
49.814062
51.349810
50.934719
51.113845
49.856800
51.068076
50.698344
50.610565
48.511198
50.241189
51.943128
51.302453
50.300706
50.636496
51.730559
51.938511
50.172269
50.860681
51.981611
51.479628
49.950426
50.216789
51.554022
51.261108
50.903487
50.328302
50.211665
50.551372
51.346705
49.969226
50.574965
51.972886
50.620624
50.393002
50.267824
50.957497
49.695337
51.098780
51.858366
51.915427
50.549180
50.465498
51.961904
51.290439
49.316277
51.217082
50.305525
50.386569
49.187753
49.679038
50.199915
51.971371
51.682454
49.437459
50.248520
51.673913
51.790998
50.108012
50.145139
49.777639
49.051872
49.900957
49.887841
50.648876
51.898856
51.893117
50.281200
50.384667
50.024083
51.029648
49.681663
51.264012
51.849609
51.490460
50.114495
51.973896
50.905233
50.602593
49.742840
50.354163
50.910220
51.973353
48.326866
49.016921
49.244995
51.151005
49.155117
49.604856
50.066186
50.412192
49.712031
50.650065
51.705442
49.365167
48.258362
51.873487
51.672014
50.845997
49.176102
49.645480
49.838317
49.948191
50.663792
49.002030
50.574996
49.910401
48.956674
48.930128
50.695003
51.831729
51.672720
49.997672
50.822515
49.569629
51.934371
51.969697
50.990167
50.711687
50.774867
51.935980
51.621501
51.128909
50.032347
50.114275
49.813355
48.715596
49.210980
51.975041
51.589534
48.752300
49.531543
51.973850
50.477892
51.629010
48.745130
49.039049
51.938204
51.974595
51.564043
50.757924
48.019324
48.808615
51.800606
51.976029
51.199495
51.969374
50.160219
51.816362
51.143058
48.298573
51.511353
49.430085
48.572109
51.322983
49.528022
48.196422
51.983230
49.612968
50.077485
49.490115
51.793940
49.405729
51.962773
48.061228
49.084930
49.738329
49.848365
50.537926
51.928666
48.849247
49.449865
51.642117
51.821189
50.348993
51.534743
51.396146
51.960294
48.131470
51.292874
48.870849
49.281396
51.228770
48.053848
49.919187
48.619321
51.087636
51.870025
48.780738
51.739548
51.014826
51.771821
51.329695
51.973204
49.274972
49.309300
49.140390
49.393993
48.013123
49.206179
50.833644
51.456583
50.991166
51.954044
48.021790
49.490242
49.626005
48.980454
51.896692
51.977349
48.471834
49.640568
50.860338
48.620375
48.019356
50.516144
51.618865
50.962003
51.792668
49.568305
51.719128
48.433974
49.738379
51.473205
51.115567
49.970209
51.881054
51.959293
48.024123
51.488920
51.956798
50.504282
51.741329
48.027146
50.677091
51.364975
49.086430
51.114379
48.660618
51.814778
50.888857
48.031811
48.431121
48.311080
48.548817
49.252780
50.445801
49.544487
48.923585
50.094136
51.672666
51.531459
48.056767
48.867249
48.545100
51.981276
48.109150
50.781778
49.363122
51.954369
48.402915
49.889922
51.240679
48.015953
49.654090
50.316148
49.373565
51.851351
48.110015
49.103290
51.301946
49.235599
48.273885
48.690408
50.830213
51.981741
48.518586
51.879919
48.219035
49.593416
48.074416
48.402309
48.375831
48.353017
51.985843
48.069771
48.258126
51.932030
51.167717
50.545673
51.797336
48.080942
51.760059
50.544298
48.340264
51.440902
50.197548
50.740687
49.274243
51.842360
50.981799
51.514773
48.160875
48.365819
49.091955
48.706831
51.864981
51.273055
50.760963
48.282142
50.772402
51.026158
51.725309
51.674742
51.163280
48.012897
50.570694
51.209126
48.085096
51.918174
49.318733
48.299932
50.655187
51.960710
48.247457
48.667499
48.822083
48.655279
48.878828
51.374551
48.750342
51.400640
51.197394
50.441255
50.135645
50.962318
51.051527
49.756992
51.020244
48.828949
51.215021
48.903988
48.015338
48.974241
51.904280
50.480933
51.645415
48.570996
48.934927
51.981836
51.974448
49.389716
49.478034
51.974578
49.993291
51.945888
48.122414
50.235505
48.621850
51.055849
48.143316
51.889786
50.933539
48.503563
51.287477
51.948856
50.332442
51.107693
48.690854
50.422050
51.478557
50.415662
49.121910
48.040945
50.316597
48.081801
51.839544
48.190434
50.027157
49.017825
51.945604
51.981002
50.241744
48.789079
51.957372
50.063639
49.557362
48.944685
51.730390
48.012312
49.880007
51.754711
51.823258
49.493225
51.375695
49.169545
49.515022
51.414421
51.275507
49.143513
51.085508
51.166347
51.519243
49.086651
51.455532
48.178634
48.356464
51.510712
51.815114
49.763544
51.817583
51.980488
50.889681
51.900451
51.981131
50.406415
48.017090
51.465398
49.337888
49.188645
49.259970
48.481159
50.525681
51.986472
50.630287
51.257805
51.774950
51.841841
50.704168
49.807371
49.860075
49.154943
48.233370
49.838999
51.646897
51.862384
51.604541
49.778663
51.927897
51.972588
50.698713
51.973705
48.892508
49.347139
51.898422
51.457603
49.797849
49.937881
48.021477
51.567172
48.737449
51.979175
51.973337
48.093914
48.027965
51.336759
50.819975
49.595775
48.032013
51.691005
51.979194
50.859939
50.345104
50.721613
50.793138
51.761250
51.340577
48.581658
48.501220
51.626108
50.602035
51.978027
51.366064
51.536134
48.407315
50.942814
51.700554
48.178882
48.041115
51.743927
50.397004
50.270587
50.633599
50.676147
51.892436
51.694082
48.985271
48.593756
50.608148
48.522823
51.809248
51.248503
49.966304
49.289061
50.789880
48.025457
51.307230
51.574087
48.565925
50.065374
48.417308
48.251296
51.670230
49.627145
50.411197
50.214744
50.676217
49.701004
49.788123
51.205818
50.204967
51.438670
49.729408
48.330000
51.887764
48.021347
49.059290
48.010109
48.370837
50.373394
51.729850
49.644379
50.732388
51.414540
51.065423
50.334006
51.614852
49.488534
51.509165
48.997324
49.057785
51.929561
46.918902
50.190510
48.460903
49.301140
48.644021
48.395031
50.873255
51.460327
51.124522
49.445819
50.878566
49.465501
49.930266
48.275691
48.819257
49.398689
51.410338
48.028031
50.135642
48.464551
51.177482
48.707497
48.535581
50.492283
51.333821
50.162692
49.274736
51.032618
48.132668
49.980706
48.785638
49.344615
48.514514
51.566367
48.693738
48.024709
48.462247
48.012707
50.999891
49.888286
48.980732
50.451684
50.583667
49.528103
48.096086
50.991016
50.078376
49.438227
50.016138
50.937947
49.732389
49.748085
49.668476
48.177411
50.735181
48.238924
48.852905
51.067981
51.952319
49.554197
49.938079
48.923931
48.814798
49.388622
51.147417
48.143021
48.970780
47.666533
51.222012
48.620047
50.830327
47.427414
50.644806
50.244363
48.091986
50.476039
48.055346
48.085125
48.201653
49.996317
50.327106
49.516822
48.127444
48.319932
48.367843
50.915380
50.295267
50.513659
48.892559
49.675438
48.125316
49.860574
48.210103
49.416765
48.293140
49.120710
48.615635
50.536097
48.044360
49.831391
48.843721
51.177882
48.717510
49.592605
50.044747
49.216036
49.474632
49.894187
49.228905
49.052379
49.701733
48.789389
48.379655
50.181786
48.440845
48.644902
48.903685
50.040697
50.860901
48.435392
48.177886
49.555794
48.203137
48.588232
48.487964
49.334616
50.377023
48.658429
47.469990
49.962822
50.566307
49.703276
48.069401
48.756555
47.547666
48.010387
48.588369
48.070680
50.284982
48.884436
49.091240
49.646723
47.224842
48.685482
49.127416
48.210414
49.214420
49.453395
48.047725
48.343914
49.380634
48.763513
48.336014
49.372378
50.004870
47.194256
48.804417
48.052962
47.010907
48.282439
48.011293
48.487862
48.866075
49.318514
48.299261
48.230770
50.148338
50.072361
48.586407
48.630945
48.765844
48.014572
47.273296
49.513746
49.836632
48.371025
47.885046
48.202517
50.270620
50.103371
48.415079
49.624443
48.023292
47.968526
49.292688
49.005330
48.057183
49.030325
49.102503
48.616796
49.053505
48.965154
48.294025
49.803321
46.801022
48.102775
48.949786
48.251363
48.745591
49.208230
49.034395
48.087993
48.014332
49.227386
46.943880
48.561085
49.156409
47.709176
48.147921
48.020927
48.732140
49.438672
48.203121
48.110679
47.753943
48.812185
48.527240
47.911488
48.322454
48.019569
49.179882
47.626488
48.459086
48.444420
47.836493
48.651894
49.009730
48.136975
48.522022
49.155707
48.414072
48.012096
48.259783
48.174680
49.581568
47.850596
48.106758
48.720211
48.058703
48.140112
48.405244
48.499420
48.165241
48.392688
47.333609
48.165619
48.891436
48.012619
48.007119
47.986359
48.239362
48.543623
48.675365
48.063656
47.500445
48.019008
48.017494
47.675291
48.231299
47.791444
48.130769
48.923677
48.086195
47.579193
46.856327
48.543464
46.510557
47.139587
46.974126
48.170106
46.484496
48.258202
48.121581
48.031863
48.030266
48.293186
47.816833
48.127894
46.125577
48.373516
48.020188
48.340283
47.164463
46.738590
46.886009
48.016131
47.510904
48.059972
48.177778
46.828670
46.094816
48.044586
47.739881
47.083046
48.017518
47.254267
47.306495
46.722461
47.359541
45.724145
46.539812
48.844732
46.599592
46.365385
48.020271
47.936493
47.054441
45.908884
46.680788
48.050540
48.212489
46.004513
47.386078
48.064268
48.021004
48.182272
48.020144
47.596130
46.154783
45.442860
46.772836
48.254951
46.425145
46.274645
48.071478
48.303031
48.047854
46.567315
46.394294
45.966792
47.422874
45.764966
46.631952
45.247715
45.379531
48.115049
45.629337
47.115942
45.499457
45.661603
45.871077
48.018635
45.538742
48.028813
46.235369
46.186725
48.015411
45.277939
46.303659
45.021916
46.331453
45.050285
46.449243
46.061380
48.146756
46.657462
48.465064
45.471194
44.489274
44.822439
46.223099
47.013178
44.981213
45.939888
45.691148
45.341699
45.313790
45.407118
44.389039
44.753227
44.889691
45.854377
44.556331
45.819131
44.624179
45.087322
46.034040
44.957564
45.566221
44.853758
44.008133
44.312766
45.218422
45.118176
44.719941
44.285659
45.782788
45.593770
45.180166
44.585103
44.660539
44.519888
43.764707
44.922687
43.374040
44.350719
43.939661
45.150653
44.685296
43.970213
44.076646
44.039659
44.449256
43.264052
43.405391
42.753073
43.480849
42.937232
44.215130
42.826490
43.900304
43.792384
44.180148
43.158415
43.586425
42.339731
43.868208
44.416316
44.787643
44.247447
44.146597
43.189894
43.653191
44.112067
43.333661
43.008970
42.971010
43.835065
43.119462
43.225239
43.728795
42.899028
42.114668
43.548669
43.623045
42.713499
42.683418
42.865531
43.443984
42.309779
42.789464
43.302902
42.635666
43.691947
42.500620
43.509808
43.081726
42.080326
42.230165
43.047153
41.777395
42.608500
41.664704
42.157271
42.381340
41.584626
42.270198
41.738872
42.526977
42.455650
41.810856
42.041885
41.963602
42.416239
41.853075
41.504369
41.885794
41.931902
41.697308
41.619996
41.468039
42.569501
42.194826
41.152187
41.545271
41.385572
41.430467
42.005641
40.885256
41.197115
41.231902
40.722057
40.084383
40.405380
40.563516
40.522611
41.001593
41.080431
41.310092
41.272170
40.956476
40.604633
40.364203
40.766419
41.354625
40.682535
40.160135
40.799152
40.040648
40.640622
39.795664
41.041149
39.920985
40.919407
41.115074
40.002311
39.389852
40.839998
39.712977
40.443853
40.241879
40.202261
40.483465
40.323409
40.282862
39.959467
40.122925
39.265418
39.305950
39.837471
39.639944
39.473973
39.877798
39.184304
39.761304
38.894444
39.140414
39.594623
38.556346
39.100899
39.511888
39.553669
38.521321
39.347480
38.973689
38.769310
39.673602
39.428437
39.017059
38.645508
38.351244
39.224022
38.682842
38.436123
38.806662
38.850622
37.160408
39.055804
38.055010
38.141511
38.937791
38.726643
38.179985
38.601138
38.392412
38.222178
38.473417
38.096254
37.926785
37.588641
38.306522
38.265533
38.010346
37.801947
37.971056
37.633825
37.668012
37.031956
37.886586
37.757432
37.459270
37.373684
37.714802
37.288946
37.546069
36.947301
37.418448
37.842323
37.073687
36.904149
36.728376
36.858454
37.248368
36.773116
36.386674
37.329667
36.515656
36.689172
36.208889
35.251712
36.819383
37.504095
37.119004
36.597761
36.989752
36.557998
36.299454
36.124273
35.908039
36.471511
35.949238
35.604992
36.035201
36.255209
35.997187
36.427946
36.080795
36.644219
35.775685
35.473866
35.819336
36.342391
35.379149
35.731672
37.203109
34.986337
35.689965
35.428456
35.298024
35.861410
34.726147
34.946671
35.034807
35.078117
34.682861
34.809686
34.066121
35.560977
35.641231
34.418923
36.172176
34.636375
34.108596
35.119459
34.153854
35.208869
34.374405
35.510368
34.594494
35.339654
34.462731
34.855800
34.502950
34.325588
34.289491
33.933165
33.846720
34.549847
34.196325
34.903021
34.021265
33.580199
33.887710
35.163339
33.179132
33.798539
34.239733
34.772619
33.976960
33.448065
33.357988
33.487659
33.713485
33.753696
33.622587
33.536959
32.254616
32.914596
33.271144
33.406100
33.005010
32.871527
33.667229
32.785515
32.651693
32.961478
33.222895
32.740711
33.313806
32.826400
33.047438
32.696949
32.121349
32.429395
33.140571
33.094492
32.386195
32.164723
32.608524
31.989473
32.210398
32.476608
32.517534
32.077729
32.031140
31.944949
31.898468
31.813787
31.547052
32.298444
31.724775
31.681685
32.561150
31.018003
30.494379
32.338778
31.857507
31.414118
31.506505
31.326970
30.931792
31.636184
31.767014
30.885701
31.368786
30.975185
31.239806
31.284257
30.756386
31.589509
30.711772
31.109511
30.800974
31.460143
31.063785
31.194252
30.667353
30.407384
31.152469
30.448759
30.231914
30.143554
29.927270
30.188750
30.624969
30.582169
30.360241
30.274011
30.843049
30.100145
30.056613
29.404103
29.751939
29.447877
29.358010
29.579534
30.012577
29.880977
29.276286
29.794651
29.621666
29.534220
29.490562
30.533779
30.320181
29.105623
29.963555
29.704894
28.759991
29.230838
28.500242
29.318049
28.671283
28.245668
29.188047
29.663602
29.058355
28.629497
28.843009
28.334743
28.547095
29.841732
28.713793
28.969692
29.012064
27.863847
28.890348
27.820890
28.801354
28.069920
28.416553
28.455136
29.143041
27.525344
27.357630
28.928371
28.285346
27.654621
27.274835
27.692748
27.946182
28.116834
27.315508
27.736489
27.780345
28.033283
26.900436
28.198522
27.191413
28.581712
28.159272
27.107056
26.940874
28.368905
27.567586
27.904109
27.991483
27.026174
27.399473
26.817088
27.482791
26.774056
26.652245
27.440972
27.609817
26.736792
26.409041
27.232429
27.064305
26.856517
26.694553
26.982430
25.835500
25.671622
26.160856
26.570728
26.610402
26.443767
26.116489
25.957882
26.204570
25.721960
26.241059
25.797106
26.326079
25.880800
25.515292
26.526402
26.000265
25.042295
24.842878
27.149004
26.362932
25.595451
26.488460
25.752476
25.478154
25.916317
26.081398
25.313874
25.396742
24.729879
24.923130
26.283604
25.638102
25.557451
24.340850
25.276712
24.536700
26.038737
25.357899
25.082466
25.118940
24.881204
25.197382
25.236875
23.965954
24.459296
24.226347
24.964480
23.667585
25.436223
24.572382
24.193105
24.614358
23.514362
24.808598
24.494848
24.999067
23.221990
24.385412
23.552584
24.413616
24.688385
24.075398
23.330919
25.160266
23.887441
23.926082
24.261366
24.118404
24.649600
23.776451
24.037524
23.738201
23.997616
24.769161
24.149299
23.439789
23.112038
23.187942
24.310674
23.808897
22.821687
23.404600
23.850451
23.293561
22.719285
23.040451
23.145867
23.077371
23.007455
23.365341
23.590648
23.627695
21.780187
21.887588
23.477861
22.683062
23.257756
23.694189
22.894740
22.792605
21.921251
21.724261
22.645622
22.935028
22.607792
22.366077
22.298472
21.040048
22.752432
22.541085
21.591492
22.860471
22.962148
22.403144
22.130351
22.023985
22.579224
22.331621
21.986488
22.510343
22.436853
21.651272
21.264528
22.470331
22.226025
20.881082
20.906852
21.325662
22.089344
21.756252
21.683689
22.153689
21.854585
22.259182
21.134409
21.389472
21.454103
22.057246
22.193989
21.549906
20.784598
20.597421
21.954562
21.422903
21.620451
20.211324
20.390458
21.199347
21.358030
21.222506
20.418688
20.658728
21.488992
20.842431
21.288132
21.819172
21.001897
20.303396
20.033545
21.161178
20.942315
20.152961
20.723584
19.470301
20.323482
19.780625
20.570765
19.502564
21.099312
20.539711
20.066772
20.268110
20.632186
20.694304
20.820602
21.514107
20.178614
19.915099
20.505285
19.668154
18.530498
19.003867
19.555670
19.947529
20.751045
19.318491
19.213840
20.972387
20.008299
20.361351
17.312712
20.241096
19.589204
20.092571
19.813121
19.640557
19.396785
18.294513
19.711364
20.121250
21.063089
18.462668
19.534741
17.771856
18.055050
18.004163
19.184439
20.445609
19.233378
19.860152
19.831255
19.080431
19.341974
19.750021
18.022401
19.028201
18.685113
18.976397
19.363530
18.832207
19.136700
17.507411
18.056784
18.928450
19.613511
18.785699
20.479880
19.894728
19.288440
19.258537
16.896555
17.857551
19.981399
17.235393
19.055908
18.232298
18.597369
17.529406
19.450177
18.758399
18.555210
18.368494
16.967869
19.149657
17.427308
18.422906
18.875681
19.701233
18.095195
16.021654
19.419834
17.693560
16.567686
17.623512
17.235955
17.121885
18.660040
17.801790
18.953239
16.244454
18.699534
16.208053
17.880577
18.325515
16.404226
17.937788
18.271380
16.714827
19.111747
16.153254
18.130754
18.361361
16.122050
18.174679
16.540191
17.733143
16.870618
17.842888
17.283227
16.612266
16.935462
17.599594
17.047695
18.495788
18.900443
17.766351
17.177733
17.674259
18.202379
16.081602
18.728457
17.002555
17.594441
18.297223
16.263185
17.466556
16.375649
16.807297
16.758519
16.585653
16.457148
18.794978
17.358759
16.453331
17.205791
16.278328
16.053067
16.018017
17.087362
16.020404
16.318385
16.038095
18.528190
16.181106
18.453871
16.654600
18.602435
18.851864
16.324627
16.351247
17.911174
16.196544
18.399431
17.401471
16.098858
16.213540
17.153497
17.670052
16.022160
17.381615
16.136511
16.114446
16.015784
16.842146
16.841764
17.205607
18.631325
17.968194
17.908453
17.027366
16.731242
16.529513
16.066941
16.018894
17.543960
16.483894
18.106189
17.121419
17.500265
16.015226
16.969298
16.017193
16.016580
16.239219
18.223941
16.782730
16.990270
16.504368
16.893592
17.164962
16.684091
16.600679
18.155783
16.163702
17.077558
16.693637
16.427139
16.814790
17.081270
17.559035
17.728611
17.262102
17.435886
16.142797
16.327983
17.328774
16.207428
17.640997
17.984991
17.292568
16.064902
16.031097
16.535885
16.252574
16.185538
16.410930
16.039787
16.944784
17.810960
16.920796
16.076484
16.487024
16.854176
16.760005
16.655119
16.021816
16.048256
16.562844
16.586249
16.290063
16.021137
16.287356
16.637347
16.237537
17.362912
16.080460
17.455658
16.092433
16.350029
16.061676
16.437486
16.130196
16.028775
16.691806
16.622225
16.410051
16.723049
16.022446
16.383367
16.018715
16.028822
16.103593
16.355077
17.035717
16.382858
16.156444
16.046884
16.030599
16.185911
16.020117
16.251104
16.782416
16.117132
16.498794
16.457306
16.069419
16.287363
16.085346
16.178999
16.317146
16.022815
16.051438
16.019144
16.012762
16.215507
16.133867
16.056085
16.112727
16.029645
16.014245
