0.010000 10.397000
0.020000 10.788000
0.030000 11.173000
0.040000 11.552000
0.050000 11.925000
0.060000 12.292000
0.070000 12.653000
0.080000 13.008000
0.090000 13.357000
0.100000 13.700000
0.110000 14.037000
0.120000 14.368000
0.130000 14.693000
0.140000 15.012000
0.150000 15.325000
0.160000 15.632000
0.170000 15.933000
0.180000 16.228000
0.190000 16.517000
0.200000 16.800000
0.210000 17.077000
0.220000 17.348000
0.230000 17.613000
0.240000 17.872000
0.250000 18.125000
0.260000 18.372000
0.270000 18.613000
0.280000 18.848000
0.290000 19.077000
0.300000 19.300000
0.310000 19.517000
0.320000 19.728000
0.330000 19.933000
0.340000 20.132000
0.350000 20.325000
0.360000 20.512000
0.370000 20.693000
0.380000 20.868000
0.390000 21.037000
0.400000 21.200000
0.410000 21.357000
0.420000 21.508000
0.430000 21.653000
0.440000 21.792000
0.450000 21.925000
0.460000 22.052000
0.470000 22.173000
0.480000 22.288000
0.490000 22.397000
0.500000 22.500000
0.510000 22.597000
0.520000 22.688000
0.530000 22.773000
0.540000 22.852000
0.550000 22.925000
0.560000 22.992000
0.570000 23.053000
0.580000 23.108000
0.590000 23.157000
0.600000 23.200000
0.610000 23.237000
0.620000 23.268000
0.630000 23.293000
0.640000 23.312000
0.650000 23.325000
0.660000 23.332000
0.670000 23.333000
0.680000 23.328000
0.690000 23.317000
0.700000 23.300000
0.710000 23.277000
0.720000 23.248000
0.730000 23.213000
0.740000 23.172000
0.750000 23.125000
0.760000 23.072000
0.770000 23.013000
0.780000 22.948000
0.790000 22.877000
0.800000 22.800000
0.810000 22.717000
0.820000 22.628000
0.830000 22.533000
0.840000 22.432000
0.850000 22.325000
0.860000 22.212000
0.870000 22.093000
0.880000 21.968000
0.890000 21.837000
0.900000 21.700000
0.910000 21.557000
0.920000 21.408000
0.930000 21.253000
0.940000 21.092000
0.950000 20.925000
0.960000 20.752000
0.970000 20.573000
0.980000 20.388000
0.990000 20.197000
