500.001543
490.001431
480.000527
470.001058
460.001269
450.000483
440.000419
430.000475
419.999822
410.000444
400.000817
390.000943
380.001210
369.999165
360.001077
349.999929
340.000140
329.999164
320.001141
309.999583
300.000941
289.999699
279.999950
269.999756
260.000039
250.000042
240.000155
229.999595
220.000971
209.999157
199.999890
190.000749
179.999198
170.000500
159.999322
149.999141
140.000240
129.998541
119.999839
109.999712
99.999437
89.999864
79.999738
69.999135
59.999845
49.998366
39.999763
29.998931
19.998794
9.998050
