9.997288, 
19.997963, 
29.998592, 
39.998321, 
49.998511, 
59.999589, 
69.998264, 
79.997115, 
89.999392, 
99.998962, 
109.998427, 
119.998350, 
129.999790, 
139.998593, 
149.999424, 
159.998792, 
169.998289, 
179.998416, 
189.998653, 
199.998874, 
209.999456, 
219.998998, 
229.998989, 
239.999073, 
249.999369, 
259.999215, 
269.999020, 
279.999349, 
289.998806, 
299.998745, 
309.999653, 
319.999253, 
329.999632, 
339.998605, 
349.998460, 
360.000197, 
369.997784, 
380.000094, 
389.998736, 
399.999489, 
409.998384, 
419.999108, 
430.000696, 
439.998970, 
449.999450, 
459.999315, 
469.998631, 
479.999671, 
489.998951, 
500.000121, 
509.998058, 
519.999148, 
529.999764, 
539.999514, 
549.998504, 
559.999304, 
570.000611, 
579.998775, 
589.999672, 
599.998681, 
609.999073, 
619.998379, 
630.000261, 
639.998928, 
649.999342, 
659.999920, 
669.999165, 
680.000000, 
689.999203, 
699.999139, 
709.999341, 
719.999605, 
729.999139, 
740.000301, 
749.999282, 
760.000054, 
769.999592, 
779.998551, 
789.999892, 
799.998730, 
809.999824, 
819.999818, 
829.998943, 
839.999590, 
849.999743, 
859.999302, 
869.998961, 
879.999165, 
889.999548, 
899.999272, 
910.000553, 
919.998832, 
929.999404, 
939.999753, 
949.999358, 
960.000126, 
969.999082, 
979.999706, 
989.999251, 
1000.000206, 
1009.999473, 
1019.999488, 
1029.999307, 
1039.999221, 
1049.999962, 
1059.998437, 
1070.000735, 
1079.999144, 
1090.000331, 
1099.998301, 
1110.000197, 
1119.999423, 
1129.999794, 
1139.999605, 
1149.999213, 
1160.000289, 
1169.999883, 
1179.999557, 
1189.999226, 
1199.999149, 
1209.999653, 
1219.999398, 
1230.000119, 
1239.999558, 
1249.998131, 
1260.000338, 
1269.998859, 
1280.000407, 
1289.999474, 
1300.000096, 
1309.998985, 
1320.000815, 
1329.998881, 
1340.000274, 
1349.999095, 
1359.999502, 
1370.000817, 
1379.999064, 
1390.000427, 
1399.999247, 
1409.999918, 
1419.999459, 
1429.999105, 
1440.000108, 
1449.999101, 
1460.000164, 
1469.999506, 
1479.999123, 
1489.999903, 
1499.999968, 
1509.999595, 
1520.000134, 
1529.999728, 
1539.999649, 
1550.000204, 
1559.999666, 
1570.000514, 
1579.999518, 
1589.999541, 
1599.999628, 
1610.000123, 
1619.998911, 
1629.999453, 
1639.999662, 
1650.000295, 
1659.999374, 
1669.999861, 
1679.999671, 
1689.999984, 
1699.999870, 
1709.998770, 
1719.999656, 
1730.000214, 
1739.999588, 
1750.000899, 
1760.000093, 
1769.998828, 
1780.000590, 
1789.999683, 
1799.999576, 
1809.999727, 
1819.999397, 
1830.000871, 
1839.999360, 
1850.000054, 
1859.999611, 
1870.000199, 
1879.999005, 
1889.999421, 
1899.999668, 
1910.000274, 
1919.999212, 
1929.999360, 
1940.000094, 
1950.000289, 
1960.000262, 
1970.000170, 
1979.999385, 
1989.999316, 
2000.000335, 
2010.000115, 
2020.000325, 
2030.000061, 
2039.999574, 
2050.000065, 
2059.999589, 
2069.999860, 
2079.999416, 
2090.000421, 
2100.000493, 
2109.999623, 
2119.999159, 
2129.999947, 
2139.999579, 
2150.000067, 
2160.000867, 
2169.999724, 
2179.999753, 
2190.000094, 
2200.000465, 
2209.999801, 
2220.000065, 
2230.000081, 
2239.999920, 
2249.999115, 
2260.000714, 
2269.999833, 
2279.999232, 
2290.000139, 
2299.998800, 
2310.000773, 
2320.000284, 
2329.999457, 
2340.000371, 
2350.000176, 
2359.999936, 
2369.999835, 
2379.999710, 
2389.999515, 
2399.999231, 
2410.000465, 
2419.999788, 
2430.000279, 
2440.000227, 
2449.999644, 
2459.999919, 
2470.000117, 
2479.999045, 
2490.000730, 
2500.000273, 
2510.000017, 
2519.999658, 
2529.999627, 
2540.000565, 
2549.999657, 
2560.000560, 
2570.000271, 
2580.000219, 
2589.998924, 
2600.000207, 
2609.999855, 
2620.000511, 
2630.000369, 
2639.999159, 
2650.000226, 
2660.000291, 
2669.999486, 
2680.000677, 
2689.999926, 
2700.000505, 
2709.999505, 
2719.999736, 
2729.999968, 
2740.000544, 
2750.000937, 
2760.000253, 
2770.000025, 
2780.000056, 
2789.999195, 
2799.999353, 
2810.000612, 
2820.000602, 
2829.999597, 
2839.999830, 
2849.999936, 
2860.000243, 
2870.000184, 
2880.000717, 
2889.999796, 
2899.999657, 
2910.000855, 
2920.000100, 
2929.999712, 
2939.999412, 
2950.000184, 
2959.999100, 
2970.001317, 
2979.999661, 
2990.000171, 
2999.999740, 
3010.000371, 
3020.000528, 
3030.000352, 
3039.999763, 
3050.001325, 
3059.999271, 
3070.000437, 
3080.000089, 
3090.000448, 
3099.999380, 
3110.000252, 
3120.000607, 
3129.999049, 
3139.999930, 
3150.001188, 
3159.999593, 
3170.000288, 
3180.000587, 
3190.000290, 
3199.999685, 
3210.000835, 
3220.000608, 
3230.000633, 
3239.999774, 
3250.000693, 
3260.000234, 
3269.999501, 
3280.000169, 
3289.999889, 
3300.001066, 
3310.000247, 
3320.000711, 
3329.999720, 
3340.000458, 
3349.999745, 
3360.000094, 
3370.000281, 
3380.001337, 
3390.000059, 
3399.999771, 
3410.000301, 
3420.000586, 
3430.000168, 
3439.999390, 
3450.001318, 
3459.998881, 
3470.000052, 
3480.000120, 
3490.000549, 
3500.000847, 
3510.000058, 
3519.999850, 
3530.000484, 
3539.999747, 
3550.001401, 
3560.000273, 
3570.001160, 
3580.000334, 
3589.999568, 
3599.999834, 
3610.000243, 
3620.000967, 
3629.999912, 
3640.000401, 
3650.000500, 
3660.000785, 
3670.000708, 
3680.000014, 
3690.000711, 
3700.000489, 
3709.998818, 
3720.001763, 
3730.000583, 
3740.000535, 
3750.000303, 
3760.000674, 
3769.999566, 
3780.001127, 
3789.999557, 
3800.000655, 
3809.999654, 
3820.000777, 
3830.000472, 
3840.000564, 
3850.000232, 
3859.999564, 
3870.000286, 
3880.000864, 
3890.000652, 
3900.000924, 
3910.000442, 
3920.000068, 
3930.000938, 
3939.999919, 
3950.001381, 
3960.000237, 
3969.999425, 
3980.000057, 
3990.001082, 
4000.000887, 
4010.000701, 
4019.999381, 
4030.001144, 
4039.999948, 
4050.000947, 
4059.999630, 
4070.001526, 
4080.000112, 
4089.999754, 
4100.001220, 
4109.999867, 
4120.001032, 
4130.000708, 
4140.000785, 
4149.999268, 
4160.000236, 
4170.001838, 
4180.000677, 
4189.999759, 
4199.999701, 
4210.001566, 
4220.000049, 
4230.000712, 
4240.001287, 
4249.999671, 
4260.000976, 
4270.000606, 
4280.000595, 
4290.000591, 
4300.000553, 
4310.001071, 
4320.000882, 
4330.000053, 
4340.000531, 
4350.000578, 
4360.000587, 
4370.000246, 
4380.000216, 
4390.002516, 
4400.000005, 
4410.000153, 
4420.001241, 
4429.999871, 
4439.999946, 
4450.001141, 
4460.001653, 
4470.001252, 
4480.000558, 
4490.000174, 
4500.000688, 
4510.001599, 
4520.000005, 
4530.001536, 
4540.000013, 
4550.001121, 
4560.000434, 
4569.999678, 
4580.001853, 
4590.000718, 
4600.000940, 
4610.000817, 
4620.001394, 
4630.001336, 
4640.000562, 
4649.999933, 
4660.000876, 
4670.001522, 
4680.001415, 
4690.000770, 
4700.000131, 
4710.001469, 
4720.001105, 
4730.000546, 
4740.000874, 
4750.001517, 
4759.999869, 
4770.001591, 
4780.000905, 
4790.000796, 
4800.002143, 
4810.001090, 
4820.000852, 
4830.000424, 
4840.002001, 
4850.000753, 
4860.000669, 
4870.001800, 
4880.001301, 
4890.001083, 
4900.001671, 
4910.000761, 
4920.001846, 
4930.001227, 
4940.001098, 
4950.000784, 
4960.001497, 
