9.998050, 
19.999282, 
19.999241, 
29.999367, 
29.999366, 
39.998968, 
39.998968, 
49.999135, 
49.999135, 
59.998720, 
59.998720, 
69.999342, 
69.999342, 
79.999194, 
79.999194, 
89.998637, 
89.998637, 
99.999271, 
99.999271, 
109.999298, 
109.999298, 
119.998963, 
119.998963, 
129.999108, 
129.999108, 
139.999339, 
139.999339, 
149.998726, 
149.998726, 
159.997968, 
159.997968, 
169.998127, 
169.998127, 
179.998973, 
179.998973, 
189.998707, 
189.998707, 
199.999201, 
199.999201, 
209.998754, 
209.998754, 
219.999119, 
219.999119, 
229.999107, 
229.999107, 
239.999019, 
