9.997056, 
19.998478, 
29.998408, 
39.997861, 
49.998202, 
59.999210, 
69.998325, 
79.997886, 
89.997263, 
99.999584, 
109.997992, 
119.999130, 
129.998634, 
139.997842, 
149.998746, 
159.999727, 
169.998857, 
179.997709, 
189.998621, 
199.998842, 
209.998475, 
219.998967, 
229.998340, 
239.998539, 
249.998340, 
259.998530, 
269.999920, 
279.999166, 
289.998834, 
299.998325, 
309.998171, 
319.999799, 
329.998367, 
339.998899, 
349.998592, 
359.999536, 
369.998909, 
379.998567, 
389.998962, 
399.999280, 
409.998751, 
419.999413, 
429.998157, 
439.999733, 
449.998165, 
460.000083, 
469.998179, 
479.999698, 
489.999211, 
499.999093, 
509.998558, 
519.998272, 
529.999533, 
539.999054, 
549.999211, 
559.998929, 
569.998728, 
579.999886, 
589.998286, 
599.999120, 
609.999647, 
619.998777, 
629.999318, 
639.999272, 
649.998645, 
659.999222, 
669.999029, 
679.998577, 
689.999694, 
699.999261, 
709.998956, 
719.998471, 
729.999224, 
739.999546, 
749.999073, 
759.999276, 
769.998751, 
779.999252, 
789.999958, 
799.999451, 
809.999550, 
819.998390, 
829.999893, 
839.998800, 
849.999180, 
859.998403, 
869.999315, 
879.999285, 
889.999439, 
899.999642, 
909.999917, 
919.999088, 
929.999893, 
939.998888, 
949.998741, 
959.998805, 
969.999713, 
979.998976, 
989.998445, 
999.998744, 
1009.999558, 
1019.999806, 
1029.999137, 
1039.999776, 
1049.999070, 
1059.999031, 
1069.999300, 
1079.999231, 
1089.999878, 
1099.998676, 
1109.999409, 
1119.998650, 
1129.998892, 
1139.999884, 
1149.999640, 
1159.999584, 
1169.999215, 
1179.999893, 
1189.999314, 
1199.999151, 
1209.999968, 
1219.999080, 
1229.999047, 
1240.000357, 
1249.999471, 
1259.999539, 
1269.999562, 
1279.998366, 
1289.999957, 
1299.998950, 
1309.999320, 
1319.998848, 
1329.999246, 
1340.000000, 
1349.999686, 
1359.999259, 
1369.999818, 
1379.998715, 
1389.999651, 
1399.999558, 
1409.999470, 
1419.999612, 
1429.998792, 
1439.999198, 
1450.000241, 
1459.999627, 
1469.999661, 
1479.999176, 
1489.998954, 
1499.999778, 
1509.998808, 
1519.998593, 
1529.999461, 
1540.000034, 
1549.999359, 
1559.998626, 
1569.999803, 
1579.999850, 
1589.999726, 
1599.999804, 
1609.998925, 
1619.999809, 
1629.999813, 
1639.998414, 
1649.999384, 
1659.999971, 
1669.998555, 
1680.000027, 
1689.999468, 
1699.999608, 
1709.999120, 
1719.999543, 
1729.999658, 
1740.000059, 
1749.999169, 
1759.999645, 
1769.999162, 
1779.999539, 
1789.998972, 
1799.998982, 
1810.000148, 
1819.999197, 
1829.999191, 
1839.999127, 
1850.000344, 
1859.998818, 
1870.000146, 
1879.999796, 
1889.999514, 
1899.998525, 
1909.999734, 
1920.000071, 
1929.999051, 
1940.000476, 
1949.999407, 
1959.999368, 
1969.999565, 
1979.999850, 
1990.000176, 
1999.998487, 
2009.998631, 
2020.000211, 
2029.999308, 
2039.999771, 
2049.999152, 
2059.999529, 
2070.000116, 
2079.999320, 
2089.998790, 
2099.999985, 
2110.000121, 
2119.999534, 
2129.998475, 
2139.999900, 
2150.000037, 
2159.999488, 
2169.999173, 
2179.999361, 
2190.000257, 
2199.999963, 
2209.999434, 
2219.999850, 
2229.999056, 
2239.999844, 
2249.999417, 
2259.999839, 
2270.000040, 
2279.999808, 
2289.998879, 
2300.000620, 
2309.998261, 
2319.999677, 
2329.999239, 
2339.998798, 
2350.001016, 
2359.999855, 
2369.999321, 
2379.999408, 
2389.999495, 
2399.999104, 
2410.000259, 
2419.999385, 
2430.000587, 
2439.999547, 
2449.999528, 
2459.999125, 
2469.999396, 
2480.000361, 
2489.999145, 
2500.000130, 
2509.999009, 
2520.000500, 
2529.998986, 
2539.999358, 
2549.998968, 
2560.000968, 
2569.999743, 
2579.998670, 
2590.000669, 
2599.999694, 
2609.999356, 
2619.999532, 
2629.999533, 
2640.000054, 
2649.998561, 
2660.000368, 
2669.999719, 
2679.999656, 
2689.999930, 
2699.999022, 
2709.999709, 
2719.999447, 
2729.999580, 
2739.999295, 
2750.000327, 
2760.000156, 
2770.000484, 
2779.998772, 
2789.999324, 
2800.000187, 
2810.000030, 
2820.000032, 
2829.998901, 
2840.000011, 
2849.999700, 
2859.999707, 
2869.999184, 
2880.000106, 
2889.999545, 
2899.999393, 
2910.000525, 
2919.998666, 
2930.000619, 
2939.999258, 
2949.999200, 
2960.000220, 
2969.999685, 
2979.999185, 
2990.000020, 
2999.999892, 
3009.999444, 
3020.000003, 
3029.999388, 
3039.999659, 
3049.999962, 
3060.000536, 
3069.999884, 
3079.999517, 
3090.000045, 
3099.998846, 
3110.000453, 
3119.999697, 
3129.999368, 
3139.999308, 
3149.999172, 
3159.999591, 
3170.000409, 
3179.999583, 
3190.000818, 
3199.998277, 
3209.999910, 
3220.000376, 
3229.998727, 
3240.000297, 
3250.000148, 
3259.999819, 
3269.998988, 
3280.000477, 
3289.999495, 
3299.999281, 
3309.999042, 
3320.000001, 
3329.999604, 
3340.000356, 
3349.999234, 
3360.000142, 
3369.999620, 
3379.999231, 
3389.999924, 
3400.000755, 
3409.999863, 
3419.999607, 
3429.999523, 
3440.000138, 
3450.000049, 
3459.999590, 
3469.999209, 
3480.000759, 
3489.999465, 
3500.000363, 
3510.000125, 
3519.999634, 
3529.999753, 
3540.000280, 
3549.999356, 
3559.999824, 
3569.999518, 
3579.999251, 
3589.999558, 
3599.999770, 
3610.000297, 
3619.999162, 
3630.000811, 
3639.999597, 
3649.999192, 
3660.000050, 
3670.000100, 
3679.998237, 
3690.000421, 
3700.000030, 
3710.000498, 
3720.000050, 
3729.999922, 
3740.000145, 
3749.999771, 
3759.999797, 
3769.999325, 
3780.000216, 
3790.000160, 
3799.999792, 
3809.999325, 
3819.999555, 
3830.000402, 
3839.999438, 
3850.000088, 
3859.998878, 
3870.000616, 
3879.999700, 
3889.999596, 
3899.999651, 
3910.000053, 
3920.000193, 
3930.000250, 
3939.999622, 
3950.000208, 
3960.000294, 
3969.999539, 
3979.999664, 
3989.999479, 
3999.999339, 
4009.999583, 
4019.999227, 
4030.000394, 
4040.000567, 
4050.000513, 
4059.999638, 
4069.998651, 
4079.999768, 
4090.000352, 
4100.000125, 
4110.000264, 
4120.000309, 
4129.999196, 
4139.999121, 
4150.000108, 
4160.000700, 
4170.000564, 
4179.999783, 
4189.999563, 
4199.999595, 
4209.999832, 
4219.999415, 
4230.000477, 
4239.999613, 
4249.999782, 
4260.000617, 
4269.999200, 
4280.000411, 
4289.998848, 
4299.999654, 
4310.000549, 
4319.999411, 
4329.999979, 
4340.000820, 
4350.000136, 
4359.999910, 
4370.000036, 
4379.999642, 
4389.998908, 
4399.999948, 
4410.000070, 
4419.999325, 
4430.000080, 
4439.999840, 
4450.000077, 
4460.000023, 
4469.999951, 
4480.000709, 
4490.000118, 
4499.999773, 
4509.999839, 
4520.000030, 
4529.999139, 
4540.000494, 
4550.000120, 
4559.999500, 
4570.000482, 
4580.000910, 
4589.999077, 
4599.999651, 
4609.999538, 
4620.000295, 
4630.000185, 
4640.000464, 
4649.999324, 
4660.000369, 
4669.999180, 
4680.001133, 
4689.999977, 
4699.999617, 
4709.999742, 
4719.999478, 
4730.000244, 
4739.999106, 
4750.000666, 
4759.999728, 
4770.000220, 
4779.999611, 
4790.000345, 
4799.999896, 
4809.999723, 
4819.999303, 
4830.000403, 
4840.000021, 
4849.998857, 
4860.000610, 
4869.999171, 
4880.000291, 
4889.999508, 
4900.000877, 
4910.000179, 
4920.000477, 
4929.999818, 
4940.000092, 
4950.000136, 
4959.999715, 
4970.000397, 
4979.999739, 
4990.000427, 
5000.000338, 
5009.999292, 
5020.000753, 
5029.999198, 
5039.999494, 
5050.000436, 
5059.999747, 
5069.999617, 
5080.000118, 
5090.000742, 
5099.999906, 
5110.000480, 
5119.999126, 
5129.999322, 
5140.000875, 
5150.000389, 
5159.999980, 
5170.000140, 
5179.999663, 
5189.999910, 
5199.999965, 
5210.000881, 
5220.000308, 
5229.999430, 
5240.000032, 
5249.998809, 
5260.001121, 
5269.999909, 
5279.999688, 
5289.999800, 
5300.000242, 
5310.000363, 
5319.999897, 
5330.000300, 
5340.000799, 
5349.999814, 
5359.999659, 
5369.999723, 
5379.999720, 
5390.000403, 
5400.000080, 
5409.999823, 
5419.999576, 
5430.000983, 
5439.999858, 
5449.999818, 
5460.001205, 
5470.000138, 
5479.999914, 
5489.999673, 
5499.999943, 
5509.999832, 
5520.000638, 
5530.000284, 
5540.000184, 
5550.000090, 
5559.999889, 
5569.999600, 
5580.000271, 
5590.000377, 
5600.000309, 
5609.999961, 
5619.999192, 
5630.000828, 
5639.999944, 
5649.999701, 
5659.999383, 
5670.001028, 
5680.000353, 
5689.999757, 
5699.999863, 
5710.000070, 
5720.000316, 
5730.000335, 
5739.999585, 
5750.000686, 
5760.000428, 
5769.999700, 
5780.001299, 
5790.000017, 
5799.999964, 
5809.999978, 
5819.999666, 
5830.000794, 
5839.999596, 
5850.000283, 
5859.999724, 
5870.000343, 
5879.999465, 
5890.000185, 
5899.999786, 
5909.999707, 
5920.000584, 
5929.999567, 
5940.000348, 
5950.001426, 
5959.999712, 
5970.000750, 
5979.999789, 
5989.999320, 
6000.000054, 
6009.999986, 
6020.000652, 
6029.999731, 
6040.000086, 
6050.001019, 
6059.999996, 
6069.999361, 
6080.000350, 
6090.000231, 
6100.000017, 
6109.999952, 
6119.999720, 
6130.001468, 
6140.000191, 
6150.000398, 
6160.000089, 
6170.000189, 
6179.999739, 
6189.999693, 
6200.000312, 
6209.999752, 
6220.000809, 
6229.999911, 
6240.000255, 
6249.999821, 
6260.000386, 
6269.999477, 
6280.000732, 
6289.999704, 
6299.999357, 
6310.000314, 
6320.000141, 
6329.999736, 
6340.000594, 
6350.000967, 
6360.000191, 
6369.999997, 
6380.001067, 
6390.000080, 
6399.999327, 
6409.999231, 
6420.000003, 
6430.001541, 
6439.999706, 
6450.001201, 
6460.000216, 
6469.999818, 
6480.000314, 
6489.999860, 
6500.000595, 
6509.999604, 
6520.000442, 
6529.999914, 
6540.001319, 
6550.000163, 
6560.000268, 
6569.999259, 
6580.001289, 
6589.999403, 
6599.999757, 
6610.000418, 
6620.000589, 
6630.000202, 
6640.000295, 
6650.001186, 
6660.000248, 
6670.000996, 
6679.999301, 
6690.000773, 
6700.000217, 
6710.000140, 
6720.000055, 
6730.000446, 
6739.999761, 
6749.999587, 
6760.000342, 
6770.000351, 
6780.000465, 
6789.999451, 
6800.000724, 
6810.000086, 
6820.001133, 
6830.000248, 
6839.999955, 
6850.000062, 
6859.999753, 
6869.999858, 
6880.001143, 
6890.000488, 
6899.999869, 
6910.000635, 
6919.999123, 
6930.000215, 
6940.001238, 
6950.000032, 
6960.000303, 
6970.000080, 
6980.000767, 
6990.000814, 
7000.000250, 
7010.000556, 
7019.998816, 
7030.000492, 
7040.000837, 
7050.000108, 
7059.999698, 
7070.000788, 
7080.000567, 
7090.000181, 
7099.999882, 
7110.000382, 
7119.999954, 
7130.000657, 
7140.000456, 
7150.000888, 
7159.999437, 
7170.000583, 
7180.000538, 
7190.000355, 
7200.000090, 
7210.000564, 
7219.999469, 
7230.000983, 
7240.000585, 
7250.000313, 
7260.000288, 
7269.999588, 
7280.000235, 
7290.001321, 
7300.000955, 
7309.998704, 
7320.000376, 
7330.000826, 
7340.000428, 
7350.001588, 
7359.999580, 
7370.000037, 
7379.999990, 
7389.999829, 
7400.000441, 
7410.000257, 
7420.000370, 
7430.000619, 
7440.000096, 
7449.999863, 
7460.000653, 
7469.999976, 
7480.000904, 
7490.000788, 
7500.001052, 
7509.999802, 
7520.000506, 
7529.999997, 
7540.001160, 
7549.999115, 
7560.000271, 
7570.001112, 
7579.999896, 
7590.000428, 
7599.999912, 
7610.000564, 
7620.001317, 
7630.000380, 
7639.999550, 
7650.001256, 
7660.000751, 
7670.000283, 
7679.999781, 
7689.999723, 
7700.000736, 
7709.999886, 
7719.999888, 
7730.001090, 
7740.000345, 
7750.001599, 
7760.000517, 
7769.999723, 
7779.998956, 
7790.001159, 
7800.001142, 
7809.999604, 
7820.001120, 
7830.000615, 
7840.000111, 
7849.999438, 
7860.001442, 
7870.000095, 
7880.000525, 
7890.000863, 
7900.000721, 
7909.999300, 
7920.001362, 
7930.000665, 
7939.999595, 
7950.000775, 
7960.000298, 
7970.000712, 
7979.999498, 
7990.001852, 
8000.000102, 
8010.000525, 
8020.000248, 
8029.999357, 
8040.000996, 
8050.000851, 
8060.001084, 
8069.999768, 
8080.000904, 
8090.000214, 
8100.000816, 
8110.000135, 
8119.999929, 
8130.001329, 
8140.000172, 
8150.000842, 
8160.001165, 
8170.000527, 
8179.999764, 
8190.000442, 
8200.000040, 
8210.000064, 
8220.001190, 
8230.000780, 
8240.000694, 
8250.000592, 
8260.000332, 
8270.001094, 
8280.000523, 
8290.000360, 
8300.000370, 
8310.001035, 
8320.000159, 
8330.000513, 
8339.999853, 
8350.001265, 
8360.000199, 
8369.999646, 
8380.001108, 
8390.000937, 
8400.000581, 
8410.000703, 
8420.000302, 
8430.001009, 
8440.000952, 
8449.999855, 
8460.000955, 
8470.000761, 
8480.000294, 
8490.001091, 
8499.999510, 
8510.001277, 
8520.000165, 
8530.001188, 
8539.999438, 
8550.000693, 
8560.000746, 
8570.000312, 
8580.001489, 
8590.000405, 
8600.000727, 
8609.999358, 
8620.000847, 
8630.000595, 
8640.000375, 
8650.000323, 
8660.001168, 
8670.000904, 
8680.000120, 
8690.000761, 
8700.000912, 
8710.000747, 
8720.000455, 
8730.001432, 
8739.999764, 
8750.001663, 
8760.000198, 
8770.000989, 
8780.000859, 
8790.000645, 
8800.000331, 
8809.999852, 
8820.000809, 
8830.001580, 
8840.000802, 
8850.000452, 
8860.000818, 
8870.001788, 
8880.000379, 
8890.000142, 
8900.001258, 
8910.000719, 
8920.000170, 
8930.000732, 
8939.999875, 
8950.000969, 
8960.001393, 
8969.999407, 
8980.001680, 
8990.000640, 
9000.000354, 
9010.000709, 
9020.001053, 
9030.000168, 
9040.001678, 
9050.000806, 
9060.001044, 
9070.000865, 
9079.999629, 
9090.001461, 
9100.001631, 
9110.000514, 
9120.000374, 
9130.001590, 
9140.000017, 
9150.000238, 
9160.000812, 
9170.001341, 
9180.000908, 
9189.999803, 
9200.001183, 
9210.000878, 
9220.000941, 
9230.000065, 
9240.001387, 
9250.001025, 
9260.000713, 
9270.000619, 
9280.000618, 
9290.001464, 
9300.000398, 
9310.000733, 
9320.000446, 
9330.000066, 
9340.001526, 
9350.000601, 
9360.001101, 
9370.001306, 
9380.000005, 
9390.000928, 
9400.001538, 
9410.001069, 
9420.001176, 
9430.001205, 
9440.001152, 
9449.999874, 
9460.001360, 
9470.001300, 
9480.001803, 
9490.000023, 
9500.001688, 
9510.000427, 
9520.001543, 
9530.001013, 
9540.001372, 
9550.000616, 
9559.999708, 
9570.001635, 
9580.001099, 
9590.000889, 
9600.000513, 
9610.001594, 
9620.001619, 
9630.001618, 
9640.000436, 
9650.001312, 
9660.000532, 
9670.001991, 
9680.000455, 
9690.001456, 
9700.000994, 
9710.001479, 
9720.000840, 
9730.001200, 
9740.001189, 
9750.001195, 
9760.001865, 
9770.000138, 
9780.002329, 
9790.001298, 
9800.002151, 
9810.001220, 
9820.001226, 
9830.001115, 
9840.000684, 
9850.001575, 
9860.000297, 
9870.002265, 
9880.001361, 
9890.001308, 
9900.000321, 
9910.002495, 
9920.002161, 
9930.000983, 
9940.001993, 
9950.001180, 
9960.002752, 
