1000 1
0.001303138
0.000752055
-0.000172739
0.000754913
0.000020772
0.000064678
-0.000369582
0.000538056
-0.000368139
-0.000098320
0.000547394
0.000870739
0.000248113
0.001384622
0.000188767
0.000713819
0.001106825
0.000306491
0.000191481
-0.000169713
0.000324938
0.001152845
0.000924221
-0.000072471
0.000695305
-0.000211507
0.000499123
0.000145828
0.000200278
0.000254658
0.000271463
0.000248055
0.000680299
0.001150710
0.000548691
-0.000293183
0.001206892
0.000006600
0.001297865
-0.000214054
0.001461117
0.000511703
0.001118471
0.001280857
0.000206063
0.000007871
0.000233302
0.000366371
0.000239241
0.001365429
0.000852837
-0.000155369
-0.000287104
0.001070248
-0.000273516
0.000926456
0.001165634
0.000177007
-0.000165303
0.000343892
0.001207941
-0.000167835
-0.000087989
-0.000362162
0.001025075
0.000007885
0.000535709
0.001082451
0.001005513
0.000859928
0.001274080
0.001209997
0.000374501
0.001245606
0.000945372
-0.000156391
-0.000108342
0.000243876
0.000086284
0.000666997
0.000995821
0.000803422
0.001326243
0.001227544
-0.000163366
0.001256672
0.000058558
-0.000150200
0.000354905
-0.000322943
0.000341114
0.000479718
-0.000094068
0.000215865
0.000890542
0.000445234
-0.000329046
0.000017717
0.000233328
0.000424773
0.000597691
0.001053035
0.000050575
0.001027915
-0.000377449
0.001197937
0.000483511
0.000369943
0.000878881
0.001013769
0.000363117
-0.000360350
-0.000319593
0.000033200
0.001376116
0.000768555
0.001326157
0.000561841
0.000738494
-0.000164051
0.000305675
-0.000300581
0.001199720
0.000005041
-0.000253114
0.001119266
-0.000099530
0.000458760
0.000571630
0.000273520
0.000127815
0.001309884
0.000369811
0.000234924
-0.000185851
-0.000007659
0.001159322
-0.000129104
-0.000058673
0.000574270
-0.000373498
-0.000367255
0.000877351
0.001210562
0.000475384
0.001215687
0.000320478
0.000989528
0.000737683
0.000419351
0.000564977
-0.000134117
0.000796049
0.000121375
0.000446066
0.001192152
-0.000356792
0.000012104
0.000329137
0.000256102
0.001132108
0.000909135
0.001230305
0.001382194
0.000999747
0.000266000
0.000385044
0.000806940
0.000794576
0.000113693
0.001164429
0.000513921
0.000274454
0.000660032
0.000833819
0.000032828
0.000635119
0.001013734
-0.000020670
-0.000218432
0.000442556
-0.000263103
0.000119619
-0.000192058
0.000406388
-0.000117974
0.000375545
0.001213721
0.000343011
0.001073001
0.000473738
-0.000028515
-0.000295213
0.000094664
0.000409671
0.000127070
0.000482138
0.000250102
0.001194866
0.000246955
-0.000167988
0.001297293
0.001336578
0.000658975
0.000182126
-0.000144528
0.001069011
-0.000184290
-0.000157090
0.000055184
0.000687709
0.000054402
0.000033294
0.000354149
0.000055704
-0.000036823
-0.000390927
-0.000314600
0.000553136
-0.000212090
0.001057149
-0.000289490
0.000948769
-0.000149385
0.000495285
0.000308296
-0.000178038
0.000004732
0.000080477
0.000496734
0.000613047
-0.000077861
0.000004322
-0.000043150
0.000998229
0.000762618
-0.000157016
0.000812405
0.000384347
0.000965418
0.000930592
0.000545810
0.000065685
-0.000264333
0.000542664
-0.000026716
0.000339141
0.001069851
0.000612961
0.000740571
0.000360010
0.000677402
0.000464468
0.001182536
0.001227016
0.000705986
0.000409053
0.000903482
0.000504519
0.001297867
0.000745155
0.000527716
0.000980838
0.000446651
0.000602567
0.000866757
0.000482290
0.001193530
0.000583811
0.001316494
0.000695942
0.001331069
0.001120975
0.000129640
-0.000207998
0.000699589
0.000660761
0.001241995
0.001028697
0.000278307
0.000442181
-0.000434836
-0.000270507
0.000573805
0.000323124
-0.000373707
0.000171474
-0.000196777
0.001183857
0.001311840
0.000092022
0.001425682
0.000469227
0.000582814
-0.000057953
0.000869583
0.000346486
0.000131626
0.001058054
0.000163124
0.000868323
-0.000158246
-0.000359955
0.000115778
0.000954911
0.001291851
0.001325582
0.000680680
0.000026723
0.001087562
0.000890394
0.000899543
0.001127485
-0.000380580
0.001214486
-0.000407420
0.001465840
-0.000061516
0.001186935
-0.000133844
0.000865925
0.000088448
-0.000007093
-0.000384020
0.000494590
0.000622356
0.000943906
0.000728558
0.001033555
0.000668942
0.000336487
-0.000388134
0.000137029
0.000497725
0.000623776
0.001233739
0.000063946
-0.000045356
0.000731186
0.000715255
0.000984725
0.000910630
-0.000399479
-0.000048043
-0.000311761
0.000657808
-0.000030099
-0.000032169
0.000128502
0.000496901
0.001137920
0.000446746
0.000063112
0.000588659
-0.000155620
-0.000140618
0.000469215
-0.000227257
0.000142520
0.000713045
0.000783442
0.001094856
-0.000099652
-0.000301890
0.001290746
0.001212784
0.000745650
0.000528565
0.000673422
-0.000254764
0.000223297
-0.000072762
0.001318436
-0.000158102
-0.000314281
0.000308010
-0.000049055
0.000199544
0.000279978
0.000142334
0.000918649
0.000324772
0.000892839
0.000008654
0.000745467
0.001190041
0.000051533
0.000077518
0.000347638
0.000625363
0.000182592
-0.000420263
0.001451943
0.000612076
0.000492089
0.001197657
0.000876112
0.000154417
0.000273844
0.000001274
0.000534775
0.000069397
0.000305568
0.000868043
0.000796144
-0.000395410
0.001184203
-0.000068497
0.000330884
0.000666259
-0.000405504
0.000306525
-0.000355729
0.001105702
-0.000382127
0.000931802
0.000229194
0.000453840
0.000423688
-0.000191619
0.000501349
0.000558558
0.000785610
-0.000296073
0.001316900
0.000267061
-0.000203572
0.000696302
0.000453233
0.001379787
0.000826463
0.000723500
0.000526176
0.000739762
-0.000108164
-0.000271846
-0.000365216
0.000511967
-0.000041416
0.000362147
0.001292721
0.000410960
0.001154390
-0.000068674
0.001350661
0.000045176
-0.000049634
0.000379170
0.000998681
0.001463067
-0.000205139
0.000148054
-0.000018161
0.001063080
0.001247805
-0.000278110
0.000651416
0.000754684
0.000265649
0.000044359
0.000902873
0.000164883
0.001115174
0.001188409
-0.000047168
0.001324291
-0.000433709
0.001012869
-0.000027170
0.001088394
-0.000334650
0.000631449
-0.000158934
0.001209057
0.001251846
0.000219292
0.000137400
0.000271117
0.000343783
-0.000359770
-0.000391346
-0.000147357
0.001070169
0.000093525
0.001168779
0.000232866
0.001236568
0.000982498
0.001130555
-0.000017894
0.000065899
0.001094344
-0.000183240
0.000025017
0.001251506
0.001024416
0.001178028
0.000124225
0.000141526
0.001125491
0.000787615
0.001207834
0.000036938
-0.000385572
0.001165268
0.000486789
0.001183316
0.000883708
0.000257519
-0.000038567
0.001071596
0.000602324
0.000561431
0.000161189
0.000805334
0.000190651
0.000064225
-0.000251887
0.000010285
0.000632284
0.000707378
0.001188221
0.000738173
0.001192549
0.001036699
0.000703199
-0.000210597
0.000478805
-0.000133666
0.000190481
-0.000050764
-0.000136985
0.000672648
0.001100323
0.001358050
-0.000302828
0.001234762
-0.000342999
-0.000228384
-0.000196549
0.000329639
0.000808095
0.000762699
0.000842203
-0.000029645
-0.000313497
0.000127860
0.000132370
0.001229694
0.000082953
0.000285208
-0.000218617
0.000054063
0.000759718
0.000775518
0.000315805
-0.000055562
0.000467694
-0.000237455
-0.000407141
0.000006343
-0.000128602
0.000663227
-0.000091685
0.000943629
0.000407990
0.000969006
0.001174911
0.000639228
0.000188173
0.000850795
0.001309561
0.001054869
-0.000393673
0.000902769
-0.000388790
0.000223011
-0.000015622
0.000572486
0.001186215
0.000154727
0.000551282
-0.000250116
0.000022091
0.001399695
-0.000022985
-0.000330194
0.001031393
-0.000355074
0.000140132
0.001150273
0.001109405
0.000254046
0.000709154
-0.000411623
0.000664454
0.001048255
0.000281115
0.000975641
0.000029838
0.000844829
0.000988754
0.001038460
0.000700875
0.000639957
0.000123403
-0.000153131
0.000334878
0.000683386
0.000070680
0.000289508
0.001154952
0.001053196
-0.000226310
0.000345130
0.000153623
0.000224799
0.000044545
0.000138437
-0.000009087
0.001137516
0.001246816
-0.000130650
0.001040178
-0.000250076
-0.000064160
0.000604596
-0.000086827
-0.000048357
0.001068035
0.000396147
0.001196405
0.000646968
0.000256131
0.000880696
0.001431111
-0.000353049
0.000425941
0.001228134
0.001272804
0.000415381
0.001016751
0.000543438
0.001064476
0.001030634
0.000578117
0.000575997
-0.000053371
0.000376150
-0.000186974
-0.000376020
0.001227437
0.001134133
0.000560459
0.000375829
0.000762383
0.000175538
0.000722568
0.000942624
-0.000029636
0.001349412
0.001238434
-0.000354249
0.000981675
0.000958037
-0.000393339
0.001023089
0.001482989
-0.000243932
0.001006396
0.001001180
0.000100256
0.001435038
0.000795952
-0.000044491
0.000887085
0.000839401
0.000248324
0.001200110
0.000455163
0.001400841
0.001305771
-0.000352900
0.000427210
0.000099618
0.001191466
-0.000252691
-0.000307503
0.001509357
0.000803519
0.001300947
-0.000162481
-0.000338124
0.000484138
0.000835428
-0.000126522
0.000958775
0.001001621
-0.000343309
-0.000325757
-0.000212007
0.000683109
-0.000269106
0.000596150
0.000810743
-0.000119417
0.000981786
0.001064383
0.000569056
0.001289297
0.001221627
0.001133346
0.000600655
0.000913524
-0.000169906
0.000840523
0.000158541
0.001025833
0.000464068
0.000369887
0.000161048
-0.000157584
-0.000353892
-0.000046907
0.000857513
0.000632696
0.000726423
-0.000072263
0.000266318
0.001006818
0.001192583
0.000064048
0.001359322
-0.000411051
-0.000323681
-0.000336844
-0.000060270
0.000331262
0.000684428
0.000998522
-0.000232231
0.000741212
0.000181133
0.000767621
0.001181077
0.000027403
0.001143197
0.000636499
0.000454924
-0.000027785
-0.000154951
0.000501672
0.000472245
0.000949586
0.000490034
0.000103964
0.000908661
0.000797460
0.001035641
0.000364309
0.001307855
0.000761909
0.000463663
0.001066441
-0.000246716
0.001304070
-0.000284791
-0.000103903
-0.000078515
0.000953500
0.001224591
-0.000320524
0.001006118
0.001245738
0.000694739
0.000971851
0.000741544
-0.000265286
0.000352073
0.000500214
-0.000237326
0.000654931
0.000894630
-0.000065388
0.000190168
-0.000047107
-0.000411419
0.001245233
0.001051493
0.000002882
0.000337960
0.000441980
0.000513664
0.000329073
0.000102188
0.000861347
0.000756815
0.001048749
-0.000289359
0.001134621
-0.000318051
-0.000301240
0.001281588
0.000353404
0.001296803
0.000903652
0.000788150
0.000201176
-0.000134903
0.001063665
0.000076358
-0.000250024
0.000438272
0.000414503
0.000529686
0.000455292
0.001294006
0.000676120
0.000741711
0.001148439
0.000824925
0.000343197
0.001368447
0.001015687
-0.000052460
0.001137182
0.000216069
0.000282430
0.000870476
0.000613183
0.000065056
0.001260129
0.001150772
0.001230082
0.001114822
0.000621924
0.000947407
0.000465211
0.000469948
0.000838464
0.000191012
-0.000251727
0.000703451
-0.000352210
0.000563020
-0.000301320
-0.000086045
0.000344493
0.000188475
0.001182507
0.001271590
-0.000203843
0.000801037
0.000341114
0.000127053
0.000490770
0.000547564
0.000298238
0.001310882
0.001371516
0.000694963
-0.000061132
-0.000226556
0.000364745
0.000263698
0.001542481
0.000982787
-0.000140188
0.000616086
0.000522276
-0.000034554
-0.000065681
0.001100224
-0.000251921
0.001209018
-0.000157784
0.000023028
-0.000158252
0.001293511
-0.000414525
0.000679151
0.000579294
-0.000364045
0.000555329
0.000055972
0.001207064
0.001080347
0.000829958
0.000483971
0.001388769
0.000467696
0.001070835
0.000510587
0.000597897
0.000977938
0.000122505
0.001331670
0.000016686
0.000812022
-0.000122622
0.001120404
0.000098974
0.000192934
-0.000068356
0.001418521
0.000307235
0.001219500
0.001093754
-0.000395753
0.001396989
0.000430510
0.000446359
0.000384443
0.000280156
0.000992616
0.000498721
0.001448437
0.001106029
0.000790733
0.000816008
0.001200277
-0.000246855
0.001205011
-0.000253700
-0.000331318
0.000695888
0.000022796
-0.000368056
0.000102758
0.001135190
-0.000287903
-0.000415583
0.000608814
0.000848290
0.000175986
-0.000351551
0.000382675
0.000523658
0.001224671
0.000897948
-0.000249284
0.001052718
-0.000095122
0.001247361
-0.000383117
0.000153019
0.000951420
0.000450824
0.000094407
-0.000062937
-0.000365221
0.000146620
0.000738861
0.000801690
-0.000062811
0.000927853
0.000982845
-0.000042149
0.000084011
0.000360169
0.000036068
-0.000137615
0.000767463
-0.000156879
-0.000027397
0.000684104
0.000472321
-0.000442431
0.001111726
-0.000192163
0.000370583
0.001218561
0.000395849
0.000805533
-0.000094848
0.000468104
0.000784536
0.000751724
0.000011583
-0.000317422
0.000717884
0.001360042
0.001244739
0.000311823
0.000278980
-0.000006202
0.000297409
0.000220596
0.000869567
0.000937795
-0.000113228
0.001062372
0.001208526
0.000747548
0.001178347
0.000178173
0.000633423
0.000800275
0.001005486
0.000052398
