3134 1
0.00552684990731
0.00552684990731
0.00552684990731
0.00000147613197
0.00000121838580
0.00000594761936
0.00419739189050
0.00419739189050
0.00419739189050
0.00000147613184
0.00000091254375
0.00000225624498
0.00308001451972
0.00308001451972
0.00308001451972
0.00000116023161
0.00000062824541
0.00000132509905
0.00437676906149
0.00437676906149
0.00437676906149
0.00000149122557
0.00000101393942
0.00000293698297
0.00992125116672
0.00992125116672
0.00992125116672
0.00000486337339
0.00000336437177
0.00000858839702
0.00724396075209
0.00724396075209
0.00724396075209
0.00000311179403
0.00000161543803
0.00000310085628
0.00725606117140
0.00725606117140
0.00725606117140
0.00000311712133
0.00000162414559
0.00000312771740
0.00721992276546
0.00721992276546
0.00721992276546
0.00000310121243
0.00000159838954
0.00000304880248
0.00724400321431
0.00724400321431
0.00724400321431
0.00000311181272
0.00000161552946
0.00000310117464
0.01475085485601
0.01475085485601
0.01475085485601
0.00001116333817
0.00000438721148
0.00000612824897
0.00463276438165
0.00463276438165
0.00463276438165
0.00000073215174
0.00000056103947
0.00000226556383
0.00463276438165
0.00463276438165
0.00463276438165
0.00000073215174
0.00000056103947
0.00000226556383
0.01475085485601
0.01475085485601
0.01475085485601
0.00001116333817
0.00000438721148
0.00000612824897
0.00724400321431
0.00724400321431
0.00724400321431
0.00000311181272
0.00000161552946
0.00000310117464
0.00723196399267
0.00723196399267
0.00723196399267
0.00000310651280
0.00000160695917
0.00000307492261
0.00723190062362
0.00723190062362
0.00723190062362
0.00000310648491
0.00000160682333
0.00000307445260
0.00725364464487
0.00725364464487
0.00725364464487
0.00000311605740
0.00000162241136
0.00000312235976
0.00996724476589
0.00996724476589
0.00996724476589
0.00000488673991
0.00000341751456
0.00000886545638
0.00439078948456
0.00439078948456
0.00439078948456
0.00000150933517
0.00000102376320
0.00000294926417
0.00419737212527
0.00419737212527
0.00419737212527
0.00000147610857
0.00000091253030
0.00000225621756
0.00552684990731
0.00552684990731
0.00552684990731
0.00000147613197
0.00000121838580
0.00000594761936
0.00722977172285
0.00722977172285
0.00722977172285
0.00000308777727
0.00000160541336
0.00000308777727
0.00722977172285
0.00722977172285
0.00722977172285
0.00000308777727
0.00000160541336
0.00000308777727
0.00722977172285
0.00722977172285
0.00722977172285
0.00000308777727
0.00000160541336
0.00000308777727
0.00722977172285
0.00722977172285
0.00722977172285
0.00000308777727
0.00000160541336
0.00000308777727
0.00722977172285
0.00722977172285
0.00722977172285
0.00000308777727
0.00000160541336
0.00000308777727
0.00722977172285
0.00722977172285
0.00722977172285
0.00000308777727
0.00000160541336
0.00000308777727
0.00722977172285
0.00722977172285
0.00722977172285
0.00000308777727
0.00000160541336
0.00000308777727
0.00722977172285
0.00722977172285
0.00722977172285
0.00000308777727
0.00000160541336
0.00000308777727
0.00724676906039
0.00724676906039
0.00724676906039
0.00000313274197
0.00000161748393
0.00000308777727
0.00724676906039
0.00724676906039
0.00724676906039
0.00000313274197
0.00000161748393
0.00000308777727
0.00366362917413
0.00366362917413
0.00366362917413
0.00000140538348
0.00000075640980
0.00000157404022
0.00413367971186
0.00413367971186
0.00413367971186
0.00000209909979
0.00000093188448
0.00000160895266
0.00572341225647
0.00572341225647
0.00572341225647
0.00000254980794
0.00000145194995
0.00000311172635
0.00385502427618
0.00385502427618
0.00385502427618
0.00000171074879
0.00000087094327
0.00000169932886
0.00398793950409
0.00398793950409
0.00398793950409
0.00000153342218
0.00000089791855
0.00000205603486
0.00367154459587
0.00367154459587
0.00367154459587
0.00000210078556
0.00000065037086
0.00000091524802
0.00155721111541
0.00155721111541
0.00155721111541
0.00000029454459
0.00000018336497
0.00000047715237
0.00365355985322
0.00365355985322
0.00365355985322
0.00000204459791
0.00000064362623
0.00000091271588
0.00407395001132
0.00407395001132
0.00407395001132
0.00000203529165
0.00000093394384
0.00000165502476
0.00296390736857
0.00296390736857
0.00296390736857
0.00000122927110
0.00000065742151
0.00000136532495
0.00386514406054
0.00386514406054
0.00386514406054
0.00000212779314
0.00000096382599
0.00000168809526
0.00420335084885
0.00420335084885
0.00420335084885
0.00000214100003
0.00000097379188
0.00000171038217
0.00366364006026
0.00366364006026
0.00366364006026
0.00000140693213
0.00000075686045
0.00000157404986
0.00308118377454
0.00308118377454
0.00308118377454
0.00000116407193
0.00000062936753
0.00000132508959
0.00366262821434
0.00366262821434
0.00366262821434
0.00000140610465
0.00000075614154
0.00000157197672
0.00366364006026
0.00366364006026
0.00366364006026
0.00000140693213
0.00000075686045
0.00000157404986
0.00370321105144
0.00370321105144
0.00370321105144
0.00000150557197
0.00000078449052
0.00000157397056
0.00370321105144
0.00370321105144
0.00370321105144
0.00000150557197
0.00000078449052
0.00000157397056
0.00366364006026
0.00366364006026
0.00366364006026
0.00000140693213
0.00000075686045
0.00000157404986
0.00366362917413
0.00366362917413
0.00366362917413
0.00000140691684
0.00000075685376
0.00000157404022
0.00367155832024
0.00367155832024
0.00367155832024
0.00000192207933
0.00000080014102
0.00000132567542
0.01813753399474
0.01813753399474
0.01813753399474
0.00000718096967
0.00000672644530
0.00002921206708
0.01065444042908
0.01065444042908
0.01065444042908
0.00000422794717
0.00000386597529
0.00002129110021
0.01174742026207
0.01174742026207
0.01174742026207
0.00000440497470
0.00000350152180
0.00001199091017
0.00588562275466
0.00588562275466
0.00588562275466
0.00000251390351
0.00000134903152
0.00000251001184
0.00604094360167
0.00604094360167
0.00604094360167
0.00000245510268
0.00000134888374
0.00000251283659
0.00827614905719
0.00827614905719
0.00827614905719
0.00000454908065
0.00000251000518
0.00000495412567
0.05159837508822
0.05159837508822
0.05159837508822
0.00004151758526
0.00005975438637
0.00008876396052
0.00743211871606
0.00743211871606
0.00743211871606
0.00000558976779
0.00000246721485
0.00000398026636
0.00683634965020
0.00683634965020
0.00683634965020
0.00000317083655
0.00000191858023
0.00000433525361
0.00652619823273
0.00652619823273
0.00652619823273
0.00000248598278
0.00000149055826
0.00000353860967
0.03767592346184
0.03767592346184
0.03767592346184
0.00008486408540
0.00004604223513
0.00003678193885
0.01794797961800
0.01794797961800
0.01794797961800
0.00000773064129
0.00000761019954
0.00004402976195
0.01288505331976
0.01288505331976
0.01288505331976
0.00000754096343
0.00000633147683
0.00002021353089
0.00535217853658
0.00535217853658
0.00535217853658
0.00000208888415
0.00000129542413
0.00000314419939
0.00484847873103
0.00484847873103
0.00484847873103
0.00000246104265
0.00000109392413
0.00000177705730
0.00506600292460
0.00506600292460
0.00506600292460
0.00000246156412
0.00000114627459
0.00000191914536
0.00334115219248
0.00334115219248
0.00334115219248
0.00000166825577
0.00000076105131
0.00000136015889
0.01163062307478
0.01163062307478
0.01163062307478
0.00000967842447
0.00000319127457
0.00000377427499
0.01162962560945
0.01162962560945
0.01162962560945
0.00000967573947
0.00000319039814
0.00000377345751
0.13524692391080
0.13524692391080
0.13524692391080
0.00012865421437
0.00064423239650
0.00010760220140
0.00510877490657
0.00510877490657
0.00510877490657
0.00000251526794
0.00000157722289
0.00000382736613
0.00527753026171
0.00527753026171
0.00527753026171
0.00000144957487
0.00000121838579
0.00000553876308
0.00405201393809
0.00405201393809
0.00405201393809
0.00000144957475
0.00000091254374
0.00000219478492
0.00300100709890
0.00300100709890
0.00300100709890
0.00000114376156
0.00000062824540
0.00000130365894
0.00416486393851
0.00416486393851
0.00416486393851
0.00000145461183
0.00000101393941
0.00000279826160
0.00914566536652
0.00914566536652
0.00914566536652
0.00000458652855
0.00000336437167
0.00000776111955
0.00682157538023
0.00682157538023
0.00682157538023
0.00000299608181
0.00000161543800
0.00000298594105
0.00681087962924
0.00681087962924
0.00681087962924
0.00000299115987
0.00000160682331
0.00000296145038
0.00680025478544
0.00680025478544
0.00680025478544
0.00000298627130
0.00000159838952
0.00000293764386
0.00682161303497
0.00682161303497
0.00682161303497
0.00000299609914
0.00000161552944
0.00000298623625
0.01309923119805
0.01309923119805
0.01309923119805
0.00000980486679
0.00000438721132
0.00000569508593
0.00445629778297
0.00445629778297
0.00445629778297
0.00000072555866
0.00000056103946
0.00000220360200
0.00445629778297
0.00445629778297
0.00445629778297
0.00000072555866
0.00000056103946
0.00000220360200
0.01309923119805
0.01309923119805
0.01309923119805
0.00000980486679
0.00000438721132
0.00000569508593
0.00682161303497
0.00682161303497
0.00682161303497
0.00000299609914
0.00000161552944
0.00000298623625
0.00681093583470
0.00681093583470
0.00681093583470
0.00000299118574
0.00000160695915
0.00000296188647
0.00681087962924
0.00681087962924
0.00681087962924
0.00000299115987
0.00000160682331
0.00000296145038
0.00683016221901
0.00683016221901
0.00683016221901
0.00000300003381
0.00000162241134
0.00000300587514
0.00918473485804
0.00918473485804
0.00918473485804
0.00000460730485
0.00000341751446
0.00000798667322
0.00417755763587
0.00417755763587
0.00417755763587
0.00000147183793
0.00000102376319
0.00000280940785
0.00405199551830
0.00405199551830
0.00405199551830
0.00000144955231
0.00000091253029
0.00000219475898
0.00527753026171
0.00527753026171
0.00527753026171
0.00000144957487
0.00000121838579
0.00000553876308
0.00680899135802
0.00680899135802
0.00680899135802
0.00000297381158
0.00000160541334
0.00000297381158
0.00680899135802
0.00680899135802
0.00680899135802
0.00000297381158
0.00000160541334
0.00000297381158
0.00680899135802
0.00680899135802
0.00680899135802
0.00000297381158
0.00000160541334
0.00000297381158
0.00680899135802
0.00680899135802
0.00680899135802
0.00000297381158
0.00000160541334
0.00000297381158
0.00680899135802
0.00680899135802
0.00680899135802
0.00000297381158
0.00000160541334
0.00000297381158
0.00680899135802
0.00680899135802
0.00680899135802
0.00000297381158
0.00000160541334
0.00000297381158
0.00680899135802
0.00680899135802
0.00680899135802
0.00000297381158
0.00000160541334
0.00000297381158
0.00680899135802
0.00680899135802
0.00680899135802
0.00000297381158
0.00000160541334
0.00000297381158
0.00682406568301
0.00682406568301
0.00682406568301
0.00000301549596
0.00000161748391
0.00000297381158
0.00682406568301
0.00682406568301
0.00682406568301
0.00000301549596
0.00000161748391
0.00000297381158
0.00355238441431
0.00355238441431
0.00355238441431
0.00000138129028
0.00000075640979
0.00000154387934
0.00399260747994
0.00399260747994
0.00399260747994
0.00000204580174
0.00000093188447
0.00000157745239
0.00544284562134
0.00544284562134
0.00544284562134
0.00000246492293
0.00000143823531
0.00000294768559
0.00373185569952
0.00373185569952
0.00373185569952
0.00000167450883
0.00000086985372
0.00000166091563
0.00386313524727
0.00386313524727
0.00386313524727
0.00000150720033
0.00000090314012
0.00000202670806
0.00353295057934
0.00353295057934
0.00353295057934
0.00000203447853
0.00000065037085
0.00000090243418
0.00152176399614
0.00152176399614
0.00152176399614
0.00000029267225
0.00000018336497
0.00000047225809
0.00351629491161
0.00351629491161
0.00351629491161
0.00000198173728
0.00000064362623
0.00000089997236
0.00393685757417
0.00393685757417
0.00393685757417
0.00000198514594
0.00000093394383
0.00000162171333
0.00289067353465
0.00289067353465
0.00289067353465
0.00000121079824
0.00000065742150
0.00000134257454
0.00374153133832
0.00374153133832
0.00374153133832
0.00000207304703
0.00000096382598
0.00000165345321
0.00405756699109
0.00405756699109
0.00405756699109
0.00000208558106
0.00000097379187
0.00000167482900
0.00355239464937
0.00355239464937
0.00355239464937
0.00000138278625
0.00000075686045
0.00000154388862
0.00300211712568
0.00300211712568
0.00300211712568
0.00000114749345
0.00000062936752
0.00000130364978
0.00355144331138
0.00355144331138
0.00355144331138
0.00000138198692
0.00000075614154
0.00000154189412
0.00355239464937
0.00355239464937
0.00355239464937
0.00000138278625
0.00000075686045
0.00000154388862
0.00358958680349
0.00358958680349
0.00358958680349
0.00000147795491
0.00000078449052
0.00000154381233
0.00358958680349
0.00358958680349
0.00358958680349
0.00000147795491
0.00000078449052
0.00000154381233
0.00355239464937
0.00355239464937
0.00355239464937
0.00000138278625
0.00000075686045
0.00000154388862
0.00355238441431
0.00355238441431
0.00355238441431
0.00000138277149
0.00000075685376
0.00000154387934
0.00355983885005
0.00355983885005
0.00355983885005
0.00000187729576
0.00000080014102
0.00000130421680
0.01570303336655
0.01570303336655
0.01570303336655
0.00000659334055
0.00000672644491
0.00002143914302
0.00976512364247
0.00976512364247
0.00976512364247
0.00000401715113
0.00000386597516
0.00001684091162
0.01067546333032
0.01067546333032
0.01067546333032
0.00000417663339
0.00000350152169
0.00001043757096
0.00529612515749
0.00529612515749
0.00529612515749
0.00000235157128
0.00000134903149
0.00000234816565
0.00533198765774
0.00533198765774
0.00533198765774
0.00000227648426
0.00000134888370
0.00000232603823
0.00776140868683
0.00776140868683
0.00776140868683
0.00000432039792
0.00000251000513
0.00000468411522
0.03877289533406
0.03877289533406
0.03877289533406
0.00002994496171
0.00005975436348
0.00004860443625
0.00698817827238
0.00698817827238
0.00698817827238
0.00000522713100
0.00000246721479
0.00000379289728
0.00645892307430
0.00645892307430
0.00645892307430
0.00000305077638
0.00000191858020
0.00000411390177
0.00632764675995
0.00632764675995
0.00632764675995
0.00000244357351
0.00000149055825
0.00000345329886
0.03078553750356
0.03078553750356
0.03078553750356
0.00004899714987
0.00004604222254
0.00002792277531
0.01591532571204
0.01591532571204
0.01591532571204
0.00000715882537
0.00000761019913
0.00003026244508
0.01163847386794
0.01163847386794
0.01163847386794
0.00000691185464
0.00000633147649
0.00001624913694
0.00511803511970
0.00511803511970
0.00511803511970
0.00000203609708
0.00000129542411
0.00000302611036
0.00444124683769
0.00444124683769
0.00444124683769
0.00000230525396
0.00000109392410
0.00000169437566
0.00462307994098
0.00462307994098
0.00462307994098
0.00000230571150
0.00000114627456
0.00000182307059
0.00326355962014
0.00326355962014
0.00326355962014
0.00000163998731
0.00000076105130
0.00000134130863
0.00953364719536
0.00953364719536
0.00953364719536
0.00000764628637
0.00000319127437
0.00000341983946
0.00953297697640
0.00953297697640
0.00953297697640
0.00000764461042
0.00000319039795
0.00000341916829
0.07851646854836
0.07851646854836
0.07851646854836
0.00006439237202
0.00064423017926
0.00005864928255
0.00490603661914
0.00490603661914
0.00490603661914
0.00000244441889
0.00000159058955
0.00000371405617
0.00527753026171
0.00527753026171
0.00527753026171
0.00000144957487
0.00000121838579
0.00000553876308
0.00405201393809
0.00405201393809
0.00405201393809
0.00000144957475
0.00000091254374
0.00000219478492
0.00300100709890
0.00300100709890
0.00300100709890
0.00000114376156
0.00000062824540
0.00000130365894
0.00411216259399
0.00411216259399
0.00411216259399
0.00000144521897
0.00000101393941
0.00000276370766
0.00914566536652
0.00914566536652
0.00914566536652
0.00000458652855
0.00000336437167
0.00000776111955
0.00682157538023
0.00682157538023
0.00682157538023
0.00000299608181
0.00000161543800
0.00000298594105
0.00681087962924
0.00681087962924
0.00681087962924
0.00000299115987
0.00000160682331
0.00000296145038
0.00680025478544
0.00680025478544
0.00680025478544
0.00000298627130
0.00000159838952
0.00000293764386
0.00682161303497
0.00682161303497
0.00682161303497
0.00000299609914
0.00000161552944
0.00000298623625
0.01309923119805
0.01309923119805
0.01309923119805
0.00000980486679
0.00000438721132
0.00000569508593
0.00445629778297
0.00445629778297
0.00445629778297
0.00000072555866
0.00000056103946
0.00000220360200
0.00445629778297
0.00445629778297
0.00445629778297
0.00000072555866
0.00000056103946
0.00000220360200
0.01309923119805
0.01309923119805
0.01309923119805
0.00000980486679
0.00000438721132
0.00000569508593
0.00682161303497
0.00682161303497
0.00682161303497
0.00000299609914
0.00000161552944
0.00000298623625
0.00681093583470
0.00681093583470
0.00681093583470
0.00000299118574
0.00000160695915
0.00000296188647
0.00681087962924
0.00681087962924
0.00681087962924
0.00000299115987
0.00000160682331
0.00000296145038
0.00683016221901
0.00683016221901
0.00683016221901
0.00000300003381
0.00000162241134
0.00000300587514
0.00918473485804
0.00918473485804
0.00918473485804
0.00000460730485
0.00000341751446
0.00000798667322
0.00412453659968
0.00412453659968
0.00412453659968
0.00000146222202
0.00000102376318
0.00000277457980
0.00405199551830
0.00405199551830
0.00405199551830
0.00000144955231
0.00000091253029
0.00000219475898
0.00527753026171
0.00527753026171
0.00527753026171
0.00000144957487
0.00000121838579
0.00000553876308
0.00680899135802
0.00680899135802
0.00680899135802
0.00000297381158
0.00000160541334
0.00000297381158
0.00680899135802
0.00680899135802
0.00680899135802
0.00000297381158
0.00000160541334
0.00000297381158
0.00680899135802
0.00680899135802
0.00680899135802
0.00000297381158
0.00000160541334
0.00000297381158
0.00680899135802
0.00680899135802
0.00680899135802
0.00000297381158
0.00000160541334
0.00000297381158
0.00680899135802
0.00680899135802
0.00680899135802
0.00000297381158
0.00000160541334
0.00000297381158
0.00680899135802
0.00680899135802
0.00680899135802
0.00000297381158
0.00000160541334
0.00000297381158
0.00680899135802
0.00680899135802
0.00680899135802
0.00000297381158
0.00000160541334
0.00000297381158
0.00680899135802
0.00680899135802
0.00680899135802
0.00000297381158
0.00000160541334
0.00000297381158
0.00682406568301
0.00682406568301
0.00682406568301
0.00000301549596
0.00000161748391
0.00000297381158
0.00682406568301
0.00682406568301
0.00682406568301
0.00000301549596
0.00000161748391
0.00000297381158
0.00355238441431
0.00355238441431
0.00355238441431
0.00000138129028
0.00000075640979
0.00000154387934
0.00327204143890
0.00327204143890
0.00327204143890
0.00000148006022
0.00000084436395
0.00000139179733
0.00544284562134
0.00544284562134
0.00544284562134
0.00000246492293
0.00000143823531
0.00000294768559
0.00373187537425
0.00373187537425
0.00373187537425
0.00000167451458
0.00000086985682
0.00000166093261
0.00386313524727
0.00386313524727
0.00386313524727
0.00000150720033
0.00000090314012
0.00000202670806
0.00353295057934
0.00353295057934
0.00353295057934
0.00000203447853
0.00000065037085
0.00000090243418
0.00151683143212
0.00151683143212
0.00151683143212
0.00000029240671
0.00000018336497
0.00000047156709
0.00351629491161
0.00351629491161
0.00351629491161
0.00000198173728
0.00000064362623
0.00000089997236
0.00393685757417
0.00393685757417
0.00393685757417
0.00000198514594
0.00000093394383
0.00000162171333
0.00289067353465
0.00289067353465
0.00289067353465
0.00000121079824
0.00000065742150
0.00000134257454
0.00374153133832
0.00374153133832
0.00374153133832
0.00000207304703
0.00000096382598
0.00000165345321
0.00405756699109
0.00405756699109
0.00405756699109
0.00000208558106
0.00000097379187
0.00000167482900
0.00355239464937
0.00355239464937
0.00355239464937
0.00000138278625
0.00000075686045
0.00000154388862
0.00300211712568
0.00300211712568
0.00300211712568
0.00000114749345
0.00000062936752
0.00000130364978
0.00355144331138
0.00355144331138
0.00355144331138
0.00000138198692
0.00000075614154
0.00000154189412
0.00355239464937
0.00355239464937
0.00355239464937
0.00000138278625
0.00000075686045
0.00000154388862
0.00358958680349
0.00358958680349
0.00358958680349
0.00000147795491
0.00000078449052
0.00000154381233
0.00358958680349
0.00358958680349
0.00358958680349
0.00000147795491
0.00000078449052
0.00000154381233
0.00355239464937
0.00355239464937
0.00355239464937
0.00000138278625
0.00000075686045
0.00000154388862
0.00355238441431
0.00355238441431
0.00355238441431
0.00000138277149
0.00000075685376
0.00000154387934
0.00355983885005
0.00355983885005
0.00355983885005
0.00000187729576
0.00000080014102
0.00000130421680
0.01570294627250
0.01570294627250
0.01570294627250
0.00000659331825
0.00000672639889
0.00002143843584
0.00976512364247
0.00976512364247
0.00976512364247
0.00000401715113
0.00000386597516
0.00001684091162
0.01067546333032
0.01067546333032
0.01067546333032
0.00000417663339
0.00000350152169
0.00001043757096
0.00529612515749
0.00529612515749
0.00529612515749
0.00000235157128
0.00000134903149
0.00000234816565
0.00533198765774
0.00533198765774
0.00533198765774
0.00000227648426
0.00000134888370
0.00000232603823
0.00776140868683
0.00776140868683
0.00776140868683
0.00000432039792
0.00000251000513
0.00000468411522
0.03877289533406
0.03877289533406
0.03877289533406
0.00002994496171
0.00005975436348
0.00004860443625
0.00698817827238
0.00698817827238
0.00698817827238
0.00000522713100
0.00000246721479
0.00000379289728
0.00645892307430
0.00645892307430
0.00645892307430
0.00000305077638
0.00000191858020
0.00000411390177
0.00632764675995
0.00632764675995
0.00632764675995
0.00000244357351
0.00000149055825
0.00000345329886
0.02082561076924
0.02082561076924
0.02082561076924
0.00004899711257
0.00002867547791
0.00002042197257
0.01591532571204
0.01591532571204
0.01591532571204
0.00000715882537
0.00000761019913
0.00003026244508
0.01163847386794
0.01163847386794
0.01163847386794
0.00000691185464
0.00000633147649
0.00001624913694
0.00474107794562
0.00474107794562
0.00474107794562
0.00000203609702
0.00000127372023
0.00000291026753
0.00444124683769
0.00444124683769
0.00444124683769
0.00000230525396
0.00000109392410
0.00000169437566
0.00462307994098
0.00462307994098
0.00462307994098
0.00000230571150
0.00000114627456
0.00000182307059
0.00326355962014
0.00326355962014
0.00326355962014
0.00000163998731
0.00000076105130
0.00000134130863
0.00953364719536
0.00953364719536
0.00953364719536
0.00000764628637
0.00000319127437
0.00000341983946
0.00953297697640
0.00953297697640
0.00953297697640
0.00000764461042
0.00000319039795
0.00000341916829
0.07851646854836
0.07851646854836
0.07851646854836
0.00006439237202
0.00064423017926
0.00005864928255
0.00490603661914
0.00490603661914
0.00490603661914
0.00000244441889
0.00000159058955
0.00000371405617
0.00499592129612
0.00499592129612
0.00499592129612
0.00000138375482
0.00000121838577
0.00000468692145
0.00388391656599
0.00388391656599
0.00388391656599
0.00000138374809
0.00000091254183
0.00000204733184
0.00290779944560
0.00290779944560
0.00290779944560
0.00000110238329
0.00000062824449
0.00000125017676
0.00398748578761
0.00398748578761
0.00398748578761
0.00000138834402
0.00000101393940
0.00000256292841
0.00833179704225
0.00833179704225
0.00833179704225
0.00000398654522
0.00000336437155
0.00000618577115
0.01080110780082
0.01080110780082
0.01080110780082
0.00000471147347
0.00000322210181
0.00000468644492
0.00634901994595
0.00634901994595
0.00634901994595
0.00000272381289
0.00000160682328
0.00000269915498
0.00633978625209
0.00633978625209
0.00633978625209
0.00000271975854
0.00000159838949
0.00000267936470
0.00635834600392
0.00635834600392
0.00635834600392
0.00000272790807
0.00000161552941
0.00000271972947
0.01149146997104
0.01149146997104
0.01149146997104
0.00000741817156
0.00000438721111
0.00000479837431
0.00425383063930
0.00425383063930
0.00425383063930
0.00000070868595
0.00000056103946
0.00000205500679
0.00425383063930
0.00425383063930
0.00425383063930
0.00000070868595
0.00000056103946
0.00000205500679
0.01149146997104
0.01149146997104
0.01149146997104
0.00000741817156
0.00000438721111
0.00000479837431
0.00635834600392
0.00635834600392
0.00635834600392
0.00000272790807
0.00000161552941
0.00000271972947
0.00634906878703
0.00634906878703
0.00634906878703
0.00000272383433
0.00000160695912
0.00000269951723
0.00634901994595
0.00634901994595
0.00634901994595
0.00000272381289
0.00000160682328
0.00000269915498
0.00636577280616
0.00636577280616
0.00636577280616
0.00000273116948
0.00000162241131
0.00000273600987
0.00836421005811
0.00836421005811
0.00836421005811
0.00000400223208
0.00000341751434
0.00000632821197
0.00409123092128
0.00409123092128
0.00409123092128
0.00000143062487
0.00000102376318
0.00000266297741
0.00388390704204
0.00388390704204
0.00388390704204
0.00000138373426
0.00000091253028
0.00000204731410
0.00499592129612
0.00499592129612
0.00499592129612
0.00000138375482
0.00000121838577
0.00000468692145
0.00634737905579
0.00634737905579
0.00634737905579
0.00000270941969
0.00000160541331
0.00000270941969
0.00634737905579
0.00634737905579
0.00634737905579
0.00000270941969
0.00000160541331
0.00000270941969
0.00634737905579
0.00634737905579
0.00634737905579
0.00000270941969
0.00000160541331
0.00000270941969
0.00634737905579
0.00634737905579
0.00634737905579
0.00000270941969
0.00000160541331
0.00000270941969
0.00634737905579
0.00634737905579
0.00634737905579
0.00000270941969
0.00000160541331
0.00000270941969
0.00634737905579
0.00634737905579
0.00634737905579
0.00000270941969
0.00000160541331
0.00000270941969
0.00634737905579
0.00634737905579
0.00634737905579
0.00000270941969
0.00000160541331
0.00000270941969
0.00634737905579
0.00634737905579
0.00634737905579
0.00000270941969
0.00000160541331
0.00000270941969
0.00636047678475
0.00636047678475
0.00636047678475
0.00000274397845
0.00000161748388
0.00000270941969
0.00636047678475
0.00636047678475
0.00636047678475
0.00000274397845
0.00000161748388
0.00000270941969
0.00342252692945
0.00342252692945
0.00342252692945
0.00000132139718
0.00000075640979
0.00000146943656
0.00391743590788
0.00391743590788
0.00391743590788
0.00000196926824
0.00000093188447
0.00000153155664
0.00557899608603
0.00557899608603
0.00557899608603
0.00000218449495
0.00000200861776
0.00000345962915
0.00366283342094
0.00366283342094
0.00366283342094
0.00000162137460
0.00000086985681
0.00000160863771
0.00378919921828
0.00378919921828
0.00378919921828
0.00000146401216
0.00000090314012
0.00000194938006
0.00349694965737
0.00349694965737
0.00349694965737
0.00000196851842
0.00000065037085
0.00000088921780
0.00150134747346
0.00150134747346
0.00150134747346
0.00000028990981
0.00000018336497
0.00000046510686
0.00348063092019
0.00348063092019
0.00348063092019
0.00000191910005
0.00000064362623
0.00000088682746
0.00385964286509
0.00385964286509
0.00385964286509
0.00000191039804
0.00000093381733
0.00000157144535
0.00284880001178
0.00284880001178
0.00284880001178
0.00000118254459
0.00000065735223
0.00000130792430
0.00367213496237
0.00367213496237
0.00367213496237
0.00000199221304
0.00000096382597
0.00000160162088
0.00397607976089
0.00397607976089
0.00397607976089
0.00000200378592
0.00000097379187
0.00000162166938
0.00348977829000
0.00348977829000
0.00348977829000
0.00000134634768
0.00000075686045
0.00000149860388
0.00295727480453
0.00295727480453
0.00295727480453
0.00000112228748
0.00000062936752
0.00000127121369
0.00348886018966
0.00348886018966
0.00348886018966
0.00000134558991
0.00000075614153
0.00000149672459
0.00348977829000
0.00348977829000
0.00348977829000
0.00000134634768
0.00000075686045
0.00000149860388
0.00345704594819
0.00345704594819
0.00345704594819
0.00000140959313
0.00000078449051
0.00000146937585
0.00345704594819
0.00345704594819
0.00345704594819
0.00000140959313
0.00000078449051
0.00000146937585
0.00342253642990
0.00342253642990
0.00342253642990
0.00000132276618
0.00000075686044
0.00000146944497
0.00342252692945
0.00342252692945
0.00342252692945
0.00000132275267
0.00000075685375
0.00000146943656
0.00349696210748
0.00349696210748
0.00349696210748
0.00000181076184
0.00000080014101
0.00000127175284
0.01457548758779
0.01457548758779
0.01457548758779
0.00000585080300
0.00000668323297
0.00001507094473
0.00954777516729
0.00954777516729
0.00954777516729
0.00000381521413
0.00000386597513
0.00001378263553
0.01041623007151
0.01041623007151
0.01041623007151
0.00000395877105
0.00000350150315
0.00000917560948
0.00515530256166
0.00515530256166
0.00515530256166
0.00000220070829
0.00000134903148
0.00000219772533
0.00516662037558
0.00516662037558
0.00516662037558
0.00000211326386
0.00000134888368
0.00000215590015
0.00650856186074
0.00650856186074
0.00650856186074
0.00000405646345
0.00000247935188
0.00000438485187
0.03631134617376
0.03631134617376
0.03631134617376
0.00002310723393
0.00005975435724
0.00003283409613
0.00567772884968
0.00567772884968
0.00567772884968
0.00000402684581
0.00000157000802
0.00000241879767
0.00415694319420
0.00415694319420
0.00415694319420
0.00000188723544
0.00000109293170
0.00000216876806
0.00502783945513
0.00502783945513
0.00502783945513
0.00000230287777
0.00000136616108
0.00000266191613
0.01602732650897
0.01602732650897
0.01602732650897
0.00008486382720
0.00001162611469
0.00001093119275
0.02710819258605
0.02710819258605
0.02710819258605
0.00007411210861
0.00002193255603
0.00001895162101
0.01177673146332
0.01177673146332
0.01177673146332
0.00000665210599
0.00000665872095
0.00001355797045
0.00504467768178
0.00504467768178
0.00504467768178
0.00000201147579
0.00000130311589
0.00000288816404
0.00434179021809
0.00434179021809
0.00434179021809
0.00000216009191
0.00000109392410
0.00000161462339
0.00327791797480
0.00327791797480
0.00327791797480
0.00000126915659
0.00000083510166
0.00000173107184
0.00324176358256
0.00324176358256
0.00324176358256
0.00000161035911
0.00000076049734
0.00000132062575
0.00516376003558
0.00516376003558
0.00516376003558
0.00000206184854
0.00000156636181
0.00000310981003
0.00908621961171
0.00908621961171
0.00908621961171
0.00000625145763
0.00000319039790
0.00000310925583
0.07045641404717
0.07045641404717
0.07045641404717
0.00004207921939
0.00064422957457
0.00003954848821
0.00466176055956
0.00466176055956
0.00466176055956
0.00000226290868
0.00000159058952
0.00000331058575
0.01651832186637
0.01651832186637
0.01651832186637
0.00002927046515
0.00002172594268
0.00002670165061
0.01110401110200
0.01110401110200
0.01110401110200
0.00000466389085
0.00000399261347
0.00000414796629
0.00709618526729
0.00709618526729
0.00709618526729
0.00000464740760
0.00000202134872
0.00000206150274
0.00351574097341
0.00351574097341
0.00351574097341
0.00000144900551
0.00000080156809
0.00000131067818
0.00429537470604
0.00429537470604
0.00429537470604
0.00000147041089
0.00000114996989
0.00000253138121
0.00812480686535
0.00812480686535
0.00812480686535
0.00000351798138
0.00000378786568
0.00000487297298
0.00638614847524
0.00638614847524
0.00638614847524
0.00000257725242
0.00000181303173
0.00000257057015
0.00637776035340
0.00637776035340
0.00637776035340
0.00000257399300
0.00000180332451
0.00000255430153
0.00636946818961
0.00636946818961
0.00636946818961
0.00000257077054
0.00000179387216
0.00000253851283
0.00638617784026
0.00638617784026
0.00638617784026
0.00000257726383
0.00000181313421
0.00000257076482
0.01065044576115
0.01065044576115
0.01065044576115
0.00000551271889
0.00000493232952
0.00000405166970
0.00449995815880
0.00449995815880
0.00449995815880
0.00000076559251
0.00000063087192
0.00000206627509
0.00449995815880
0.00449995815880
0.00449995815880
0.00000076559251
0.00000063087192
0.00000206627509
0.01102589776171
0.01102589776171
0.01102589776171
0.00000581375200
0.00000491298471
0.00000421302476
0.00652128390444
0.00652128390444
0.00652128390444
0.00000264344017
0.00000181147527
0.00000263660356
0.00650340078363
0.00650340078363
0.00650340078363
0.00000272343930
0.00000179174119
0.00000252227129
0.00741454853217
0.00741454853217
0.00741454853217
0.00000298296112
0.00000180094485
0.00000322084998
0.00652823475221
0.00652823475221
0.00652823475221
0.00000264616484
0.00000181917439
0.00000265020700
0.00500151545329
0.00500151545329
0.00500151545329
0.00000233013141
0.00000095081963
0.00000120831827
0.00596971955681
0.00596971955681
0.00596971955681
0.00000152231425
0.00000167334797
0.00000991731612
0.01983655380956
0.01983655380956
0.01983655380956
0.00000887040727
0.00002262394356
0.00000637214189
0.02426967216722
0.02426967216722
0.02426967216722
0.00000887049421
24.26967216721730
0.00000887049421
0.01284651227019
0.01284651227019
0.01284651227019
0.00000666523262
0.00000568619241
0.00000397932484
0.00698168651386
0.00698168651386
0.00698168651386
0.00000307373221
0.00000204191936
0.00000256499333
0.00698168651386
0.00698168651386
0.00698168651386
0.00000307373221
0.00000204191936
0.00000256499333
0.00698168651386
0.00698168651386
0.00698168651386
0.00000307373221
0.00000204191936
0.00000256499333
0.00698168651386
0.00698168651386
0.00698168651386
0.00000307373221
0.00000204191936
0.00000256499333
0.00698168651386
0.00698168651386
0.00698168651386
0.00000307373221
0.00000204191936
0.00000256499333
0.00698168651386
0.00698168651386
0.00698168651386
0.00000307373221
0.00000204191936
0.00000256499333
0.00817987838339
0.00817987838339
0.00817987838339
0.00000445176097
0.00000257050821
0.00000256499347
0.00841688326412
0.00841688326412
0.00841688326412
0.00000470050265
0.00000258159085
0.00000263402158
0.00840863384408
0.00840863384408
0.00840863384408
0.00000466389022
0.00000257050823
0.00000263402158
0.00417623031256
0.00417623031256
0.00417623031256
0.00000177474414
0.00000098377981
0.00000151861049
0.00422816197923
0.00422816197923
0.00422816197923
0.00000202934383
0.00000104661964
0.00000160925051
0.00562990938891
0.00562990938891
0.00562990938891
0.00000238315103
0.00000161185822
0.00000277107530
0.00459443798575
0.00459443798575
0.00459443798575
0.00000191426672
0.00000112343005
0.00000189458839
0.00408990055098
0.00408990055098
0.00408990055098
0.00000154058896
0.00000101374033
0.00000201054140
0.00381321588756
0.00381321588756
0.00381321588756
0.00000203959775
0.00000073006143
0.00000096192101
0.00164906336279
0.00164906336279
0.00164906336279
0.00000031952699
0.00000020614726
0.00000050597039
0.00383443096426
0.00383443096426
0.00383443096426
0.00000206462885
0.00000074190016
0.00000097709202
0.00412637351161
0.00412637351161
0.00412637351161
0.00000191049051
0.00000100363127
0.00000157946220
0.00369027222767
0.00369027222767
0.00369027222767
0.00000173689856
0.00000086765132
0.00000135724513
0.00577312009492
0.00577312009492
0.00577312009492
0.00000255613222
0.00000156953246
0.00000246414903
0.00546239920799
0.00546239920799
0.00546239920799
0.00000169783423
0.00000085044616
0.00000133915505
0.00397589736015
0.00397589736015
0.00397589736015
0.00000156698684
0.00000089767743
0.00000157309287
0.00527146969888
0.00527146969888
0.00527146969888
0.00000168746392
0.00000119796866
0.00000248748191
0.00397483411670
0.00397483411670
0.00397483411670
0.00000156607102
0.00000089677517
0.00000157124516
0.00397589736015
0.00397589736015
0.00397589736015
0.00000156698684
0.00000089767743
0.00000157309287
0.00388100911546
0.00388100911546
0.00388100911546
0.00000161411196
0.00000093235654
0.00000151848607
0.00388100911546
0.00388100911546
0.00388100911546
0.00000161411196
0.00000093235654
0.00000151848607
0.00384220474610
0.00384220474610
0.00384220474610
0.00000151266831
0.00000089760951
0.00000151855193
0.00327274591098
0.00327274591098
0.00327274591098
0.00000057300130
0.00000019684973
0.00000028245749
0.00378914544993
0.00378914544993
0.00378914544993
0.00000187782558
0.00000089901502
0.00000135272082
0.01316389584668
0.01316389584668
0.01316389584668
0.00000533470839
0.00000601173853
0.00000846760058
0.00956937343132
0.00956937343132
0.00956937343132
0.00000371099228
0.00000417641590
0.00001025299810
0.01146498007154
0.01146498007154
0.01146498007154
0.00000383351549
0.00000400450578
0.00000858929850
0.00552550551195
0.00552550551195
0.00552550551195
0.00000210908484
0.00000153609514
0.00000217820361
0.00214134171560
0.00214134171560
0.00214134171560
0.00000074125665
0.00000160057787
0.00000072754537
0.00794001011978
0.00794001011978
0.00794001011978
0.00000409762731
0.00000298784566
0.00000475657298
0.03091381821964
0.03091381821964
0.03091381821964
0.00001666615509
0.00006021577019
0.00001912890494
0.04046102747278
0.04046102747278
0.04046102747278
0.00002662283344
0.00008328965297
0.00002616037576
0.00922173981768
0.00922173981768
0.00922173981768
0.00000371849281
0.00000248778264
0.00000383693790
0.00890422310660
0.00890422310660
0.00890422310660
0.00000230314874
0.00000259432772
0.00000903170053
0.00720707442169
0.00720707442169
0.00720707442169
0.00000439906251
0.00000161750098
0.00000255809114
0.01195669879866
0.01195669879866
0.01195669879866
0.00000595818529
0.00000719330920
0.00001050021226
0.00580773924494
0.00580773924494
0.00580773924494
0.00000208575068
0.00000147321111
0.00000305756935
0.00441329276369
0.00441329276369
0.00441329276369
0.00000195966231
0.00000118188375
0.00000161800052
0.00471934571431
0.00471934571431
0.00471934571431
0.00000207028103
0.00000127777139
0.00000171874977
0.00357735693187
0.00357735693187
0.00357735693187
0.00000172926808
0.00000085461349
0.00000143259066
0.00884740549769
0.00884740549769
0.00884740549769
0.00000461453035
0.00000350415895
0.00000284981254
0.00566358787675
0.00566358787675
0.00566358787675
0.00000071895074
0.00000023033967
0.00000030933603
0.04984705528504
0.04984705528504
0.04984705528504
0.00002505924552
0.00024068231225
0.00002273971631
0.00570424568895
0.00570424568895
0.00570424568895
0.00000275682718
0.00000216821145
0.00000376914216
0.00800408919974
0.00000457041066
0.00000230132803
0.00000284729044
0.00388079398846
0.00000165230479
0.00000090462562
0.00000157308723
0.00622276218232
0.00000294716587
0.00000131229179
0.00000179148959
0.01232616695443
0.00000538106035
0.00000531720523
0.00000634352096
0.00511164492402
0.00000194665144
0.00000114537860
0.00000194257543
0.00510010690128
0.00000194151031
0.00000113470430
0.00000191705535
0.00510305139998
0.00000194310370
0.00000113804827
0.00000192505308
0.00510305139998
0.00000194310370
0.00000113804827
0.00000192505308
0.01154312532514
0.00000661886252
0.00000474369861
0.00000464830786
0.00352548677483
0.00000049641979
0.00000041914739
0.00000197492985
0.00357568749045
0.00000049631041
0.00000042252673
0.00000205414003
0.00534830327549
0.00000085493970
0.00000051770702
0.00000111376482
0.00561371705663
0.00000205441856
0.00000114704736
0.00000192113641
0.00473338125222
0.00000169197726
0.00000095455437
0.00000168901184
0.00576857248207
0.00000193732149
0.00000104621114
0.00000218987179
0.00661890388144
0.00000233782535
0.00000143295127
0.00000246554476
0.01287152207249
0.00000535900608
0.00000540833682
0.00000750336599
0.00320911178775
0.00000076696759
0.00000056400129
0.00000171677762
0.01248464002191
0.00000479344416
0.00000439667382
0.00000573127943
0.00338917985788
0.00000118700559
0.00000074420695
0.00000157067287
0.00393016728416
0.00000174374019
0.00000082040435
0.00000131868768
0.00472889494754
0.00000189589810
0.00000110720973
0.00000204516360
0.00385371487843
0.00000153601095
0.00000083611243
0.00000151925797
0.00360080593952
0.00000136567431
0.00000079918366
0.00000158169487
0.00287951745309
0.00000147102374
0.00000054689922
0.00000078742317
0.00113391299288
0.00000018314357
0.00000012091390
0.00000033443497
0.00287025256832
0.00000137229547
0.00000052493323
0.00000077092240
0.00408236019189
0.00000170757924
0.00000089045373
0.00000151890080
0.00466738487761
0.00000163557173
0.00000098378676
0.00000190168866
0.00580155468021
0.00000223012338
0.00000128791136
0.00000226770138
0.00470874896433
0.00000186407337
0.00000089840429
0.00000145027689
0.00344593631198
0.00000120310935
0.00000074421739
0.00000159894522
0.00304784300936
0.00000071042592
0.00000057485916
0.00000224795553
0.00344698186094
0.00000120391870
0.00000074514986
0.00000160182069
0.00344698186094
0.00000120391870
0.00000074514986
0.00000160182069
0.00342475413053
0.00000126886270
0.00000077679150
0.00000157550382
0.00342475413053
0.00000126886270
0.00000077679150
0.00000157550382
0.00339088068289
0.00000118828705
0.00000074584982
0.00000157558907
0.00339088068289
0.00000118828705
0.00000074584982
0.00000157558907
0.00395937186152
0.00000158421898
0.00000089453554
0.00000166902411
0.00751802330968
0.00000455778478
0.00000299849980
0.00000490000722
0.00914636441455
0.00000448315215
0.00000387746154
0.00000801108394
0.00968491634367
0.00000345000397
0.00000327077803
0.00000944584791
0.00548521622180
0.00000218653072
0.00000144571780
0.00000230711687
0.00225434101627
0.00000082321726
0.00000199416463
0.00000077596217
0.00669066383787
0.00000280455274
0.00000223747273
0.00000572313320
0.01734862945132
0.00000931086221
0.00001311539017
0.00002752345035
0.02534101690182
0.00000452267127
0.00000482115495
0.00003194605826
0.03850516981298
0.00001436962670
0.00004011996714
0.00002205480122
0.00681762275638
0.00000187154507
0.00000151351847
0.00000405197431
0.00811531522441
0.00000527717194
0.00000388959212
0.00000613002744
0.00488519416964
0.00000129106003
0.00000101449252
0.00000324582903
0.00476253033672
0.00000185775655
0.00000116495883
0.00000192602236
0.00424572229122
0.00000170846950
0.00000101087195
0.00000165833411
0.00345055790135
0.00000143452023
0.00000077033943
0.00000147941371
0.00867702215618
0.00000483458347
0.00000382788597
0.00000394497940
0.00844368274699
0.00000567640922
0.00000343029446
0.00000318024249
0.08236155946669
0.00003556198595
82.36155946669156
0.00003556198595
0.00694493004335
0.00000339678488
0.00000240210089
0.00000471943170
0.00948027085098
0.00000800670101
0.00000257749103
0.00000329093212
0.00439530576423
0.00000213983146
0.00000098533157
0.00000169967774
0.00655912252013
0.00000342508892
0.00000131316330
0.00000195946590
0.01435889300054
0.00000778055969
0.00000531720556
0.00000996714444
0.00527922783868
0.00000198488821
0.00000103315934
0.00000198065068
0.00564343596564
0.00000210461105
0.00000109065106
0.00000207244117
0.00564703898446
0.00000210692846
0.00000109446349
0.00000208397806
0.00527006284326
0.00000198080707
0.00000102655703
0.00000196050884
0.01330730759646
0.00001066418227
0.00000474369886
0.00000633631128
0.00468833005871
0.00000072789790
0.00000058219002
0.00000259997131
0.00480010559748
0.00000072733085
0.00000059099051
0.00000279352362
0.01286856029527
0.00000780641761
0.00000355029226
0.00000514080119
0.00658338845551
0.00000245843713
0.00000124463648
0.00000228586400
0.00763182764684
0.00000296467727
0.00000158750817
0.00000295927984
0.00870471564617
0.00000305322807
0.00000172196153
0.00000348190006
0.01824241786517
0.00000876147373
0.00000573324206
0.00000989396470
0.01761807036125
0.00000956181525
0.00000813297927
0.00001690334024
0.00290127226243
0.00000078760576
0.00000047131404
0.00000112844899
0.00865550581129
0.00001204041739
0.00000225740245
0.00000249398217
0.00377496123399
0.00000141911390
0.00000079793506
0.00000169676646
0.00406104391504
0.00000189938024
0.00000082490562
0.00000138929918
0.00513185239045
0.00000210658309
0.00000109531847
0.00000211686574
0.00495369361628
0.00000198395688
0.00000101856915
0.00000195370282
0.00510796054578
0.00000186234108
0.00000104784906
0.00000221484054
0.00367214022959
0.00000172843452
0.00000069807778
0.00000110623095
0.00163445819742
0.00000029550256
0.00000020129123
0.00000061041017
0.00372015254480
0.00000166834466
0.00000068713183
0.00000110405052
0.00414355537017
0.00000187496828
0.00000091987210
0.00000165674646
0.00533248791136
0.00000193186639
0.00000109254064
0.00000223468187
0.02950586936142
0.00001709102762
0.00001293565370
0.00001894508469
0.00421593987281
0.00000201025554
0.00000070575622
0.00000104881231
0.00382545803483
0.00000142599200
0.00000079793506
0.00000170660861
0.00275542294572
0.00000077053260
0.00000050878635
0.00000142521868
0.00382674661452
0.00000142712914
0.00000079900709
0.00000170988475
0.00382674661452
0.00000142712914
0.00000079900709
0.00000170988475
0.00381930132462
0.00000153794422
0.00000083555881
0.00000170249926
0.00381930132462
0.00000153794422
0.00000083555881
0.00000170249926
0.00377722150474
0.00000142114330
0.00000079986587
0.00000170259881
0.00377722150474
0.00000142114330
0.00000079986587
0.00000170259881
0.00417630504523
0.00000179635047
0.00000090091385
0.00000170274022
0.00711979346378
0.00000476757116
0.00000258199821
0.00000488428374
0.00698093456737
0.00000428464714
0.00000285141145
0.00000692027233
0.00764305208738
0.00000328673906
0.00000249168049
0.00000804676334
0.00556870683011
0.00000235824067
0.00000137388708
0.00000274742710
0.00560285566443
0.00000236653693
0.00000138028012
0.00000268854127
0.00692700504150
0.00000305689830
0.00000223747276
0.00000688253296
0.01866999863275
0.00001192546917
0.00001311539088
0.00007821446823
0.01699449200231
0.00000250794539
0.00000248361011
0.00005713506989
0.04043660331418
0.00002191975600
0.00003085229478
0.00007151807081
0.00496058408141
0.00000199702001
0.00000100142464
0.00000182595460
0.00819268186307
0.00000613598171
0.00000388959213
0.00000732015782
0.00330727326972
0.00000106769600
0.00000062034045
0.00000139624178
0.00485586829463
0.00000181143181
0.00000115964979
0.00000269949408
0.00525362760655
0.00000198509322
0.00000120900065
0.00000260732613
0.00350672018774
0.00000149092815
0.00000077087767
0.00000154050892
0.00912588320933
0.00000619291643
0.00000349096610
0.00000540135241
0.00767566424467
0.00000501083253
0.00000260146077
0.00000408177017
0.11439105481482
0.00011768627039
114.39105481481799
0.00011768627039
0.00669493618838
0.00000430320350
0.00000241163742
0.00000477413697
0.00948027085098
0.00000800670101
0.00000257749103
0.00000329093212
0.00439530576423
0.00000213983146
0.00000098533157
0.00000169967774
0.00639199238279
0.00000339877711
0.00000125969329
0.00000183510646
0.01435889300054
0.00000778055969
0.00000531720556
0.00000996714444
0.00637219695454
0.00000249074106
0.00000131016033
0.00000248407204
0.00636241382706
0.00000248500287
0.00000130062779
0.00000245560366
0.00636291257745
0.00000248627166
0.00000130278416
0.00000246205616
0.00636291257745
0.00000248627166
0.00000130278416
0.00000246205616
0.01330730759646
0.00001066418227
0.00000474369886
0.00000633631128
0.00468833005871
0.00000072789790
0.00000058219002
0.00000259997131
0.00480010559748
0.00000072733085
0.00000059099051
0.00000279352362
0.01288293785801
0.00000781676921
0.00000355244488
0.00000514528832
0.00641750367149
0.00000240309692
0.00000121607868
0.00000223727711
0.00719294490159
0.00000283213077
0.00000152183082
0.00000282613938
0.00845152450983
0.00000297855849
0.00000167476941
0.00000338578012
0.00793048302049
0.00000300284797
0.00000164952528
0.00000313947386
0.01703439026144
0.00000909533971
0.00000755784666
0.00001583461347
0.00319500249608
0.00000078519612
0.00000053634270
0.00000158022700
0.00866496787696
0.00001209463758
0.00000225867555
0.00000249474515
0.00377320841709
0.00000141754244
0.00000079643693
0.00000169224066
0.00405962011940
0.00000189803547
0.00000081377998
0.00000135866974
0.00569404587852
0.00000235534106
0.00000127392646
0.00000253552035
0.00413043684865
0.00000173882189
0.00000089186711
0.00000172375188
0.00414190109231
0.00000161020052
0.00000089180293
0.00000187170593
0.00400143477248
0.00000218953558
0.00000076936500
0.00000111996795
0.00163445819742
0.00000029550256
0.00000020129123
0.00000061041017
0.00362525660177
0.00000162289366
0.00000067152973
0.00000108368028
0.00495294435877
0.00000233660786
0.00000114076655
0.00000200617869
0.00279246005831
0.00000157976629
0.00000040176654
0.00000052470577
0.00685923547564
0.00000298313225
0.00000158525946
0.00000303414541
0.00424950220936
0.00000190018994
0.00000080104429
0.00000132258334
0.00382545803483
0.00000142599200
0.00000079793506
0.00000170660861
0.00275542294572
0.00000077053260
0.00000050878635
0.00000142521868
0.00382674661452
0.00000142712914
0.00000079900709
0.00000170988475
0.00382674661452
0.00000142712914
0.00000079900709
0.00000170988475
0.00381930132462
0.00000153794422
0.00000083555881
0.00000170249926
0.00381930132462
0.00000153794422
0.00000083555881
0.00000170249926
0.00377722150474
0.00000142114330
0.00000079986587
0.00000170259881
0.00377722150474
0.00000142114330
0.00000079986587
0.00000170259881
0.00464968852795
0.00000191541227
0.00000099983944
0.00000195286329
0.00792645007594
0.00000444731092
0.00000294247397
0.00000703303950
0.00698093456737
0.00000428464714
0.00000285141145
0.00000692027233
0.00734763429381
0.00000272743559
0.00000173450181
0.00000421797502
0.00494647704368
0.00000195361471
0.00000122595807
0.00000274742693
0.00538534225079
0.00000221933112
0.00000132879621
0.00000268823492
0.00692700504150
0.00000305689830
0.00000223747276
0.00000688253296
0.00467820127227
0.00001128387702
0.00000061383225
0.00000064066393
0.03719811818985
0.00003593444554
0.00002863813919
0.00004834309057
0.00526807009644
0.00000344597444
0.00000094052225
0.00000124963086
0.00457302490992
0.00000199420291
0.00000094517503
0.00000164913336
0.00447920888915
0.00000476981652
0.00000094637182
0.00000112422547
0.00405636649255
0.00000176886188
0.00000085501358
0.00000155033168
0.00472723527634
0.00000191679017
0.00000109735059
0.00000222350562
0.00444375268617
0.00000191630836
0.00000100479592
0.00000187423764
0.00350672018774
0.00000149092815
0.00000077087767
0.00000154050892
0.00730896233449
0.00000373994641
0.00000254866448
0.00000540135162
0.00770844533542
0.00000506550893
0.00000261583097
0.00000408106421
0.07025726208558
0.00011710503699
0.00024068264985
0.00007930318850
0.00617003937648
0.00000260284756
0.00000163776580
0.00000386879236
0.00948027085098
0.00000800670101
0.00000257749103
0.00000329093212
0.00439530576423
0.00000213983146
0.00000098533157
0.00000169967774
0.00636496191351
0.00000337286651
0.00000131316329
0.00000194226183
0.01435889300054
0.00000778055969
0.00000531720556
0.00000996714444
0.00637219695454
0.00000249074106
0.00000131016033
0.00000248407204
0.00636241382706
0.00000248500287
0.00000130062779
0.00000245560366
0.00636291257745
0.00000248627166
0.00000130278416
0.00000246205616
0.00636291257745
0.00000248627166
0.00000130278416
0.00000246205616
0.01330730759646
0.00001066418227
0.00000474369886
0.00000633631128
0.00468833005871
0.00000072789790
0.00000058219002
0.00000259997131
0.00480010559748
0.00000072733085
0.00000059099051
0.00000279352362
0.01288293785801
0.00000781676921
0.00000355244488
0.00000514528832
0.00658170400833
0.00000245787672
0.00000124434715
0.00000228537260
0.00749656408323
0.00000294413936
0.00000158703751
0.00000293880499
0.00810047809865
0.00000287384381
0.00000160944618
0.00000325357337
0.00749922861201
0.00000288762326
0.00000158873783
0.00000300343344
0.01761807036125
0.00000956181525
0.00000813297927
0.00001690334024
0.00315395183918
0.00000078276242
0.00000053634270
0.00000157040070
0.00866496787696
0.00001209463758
0.00000225867555
0.00000249474515
0.00377496123399
0.00000141911390
0.00000079793506
0.00000169676646
0.00406104391504
0.00000189938024
0.00000082490562
0.00000138929918
0.00568393404675
0.00000235300637
0.00000127171936
0.00000252948470
0.00413043684865
0.00000173882189
0.00000089186711
0.00000172375188
0.00414190109231
0.00000161020052
0.00000089180293
0.00000187170593
0.00399188609309
0.00000217832668
0.00000076797626
0.00000111996759
0.00163445819742
0.00000029550256
0.00000020129123
0.00000061041017
0.00372932127174
0.00000167274467
0.00000068863454
0.00000110600316
0.00632125379459
0.00000252205833
0.00000136390018
0.00000258720620
0.00284105349142
0.00000161340492
0.00000040604054
0.00000052830990
0.00745460685392
0.00000311755770
0.00000170092072
0.00000332069673
0.00424991644290
0.00000190032367
0.00000080106891
0.00000132258567
0.00382545803483
0.00000142599200
0.00000079793506
0.00000170660861
0.00275542294572
0.00000077053260
0.00000050878635
0.00000142521868
0.00382674661452
0.00000142712914
0.00000079900709
0.00000170988475
0.00382674661452
0.00000142712914
0.00000079900709
0.00000170988475
0.00381930132462
0.00000153794422
0.00000083555881
0.00000170249926
0.00381930132462
0.00000153794422
0.00000083555881
0.00000170249926
0.00377722150474
0.00000142114330
0.00000079986587
0.00000170259881
0.00377722150474
0.00000142114330
0.00000079986587
0.00000170259881
0.00461964435029
0.00000191541227
0.00000098334941
0.00000189092911
0.00792118083782
0.00000443803715
0.00000293841148
0.00000703303950
0.00698093456737
0.00000428464714
0.00000285141145
0.00000692027233
0.00745450589054
0.00000280956686
0.00000179810572
0.00000439744040
0.00494647704368
0.00000195361471
0.00000122595807
0.00000274742693
0.00593997320023
0.00000257516776
0.00000144524604
0.00000270136439
0.00922646421220
0.00000318401652
0.00000293619323
0.00001923083588
0.00474552284537
0.00001129431156
0.00000061444300
0.00000064129559
0.04197643285737
0.00003609980180
0.00003009223724
0.00005228583149
0.00544398188006
0.00000346540904
0.00000095586390
0.00000127421202
0.00458640956539
0.00000199582715
0.00000094553974
0.00000164913337
0.00447920888915
0.00000476981652
0.00000094637182
0.00000112422547
0.00405636649255
0.00000176886188
0.00000085501358
0.00000155033168
0.00472723527634
0.00000191679017
0.00000109735059
0.00000222350562
0.00444375268617
0.00000191630836
0.00000100479592
0.00000187423764
0.00350672018774
0.00000149092815
0.00000077087767
0.00000154050892
0.00730896233449
0.00000373994641
0.00000254866448
0.00000540135162
0.00875998662769
0.00000730631167
0.00000310896390
0.00000408258982
0.07025726208558
0.00011710503699
0.00024068264985
0.00007930318850
0.00617442839069
0.00000268021926
0.00000170249261
0.00000398010084
